1	5.0
2	9.975
3	14.925125
4	19.850499375
5	24.7512468781
6	29.6274906437
7	34.4793531905
8	39.3069564246
9	41.3069564246
10	41.3069564246
11	41.3069564246
12	42.3069564246
13	42.3069564246
14	42.3069564246
15	41.3069564246
16	42.3069564246
17	42.3069564246
18	41.3069564246
19	41.3069564246
20	41.3069564246
21	41.3069564246
22	40.3069564246
23	42.3069564246
24	40.3069564246
25	40.3069564246
26	40.3069564246
27	40.3069564246
28	42.3069564246
29	40.3069564246
30	40.3069564246
31	42.3069564246
32	42.3069564246
33	41.3069564246
34	40.3069564246
35	41.3069564246
36	41.3069564246
37	41.3069564246
38	41.3069564246
39	42.3069564246
40	41.3069564246
41	40.3069564246
42	40.3069564246
43	40.3069564246
44	40.3069564246
45	40.3069564246
46	40.3069564246
47	40.3069564246
48	42.3069564246
49	42.3069564246
50	40.3069564246
51	41.3069564246
52	42.3069564246
53	42.3069564246
54	42.3069564246
55	41.3069564246
56	41.3069564246
57	40.3069564246
58	41.3069564246
59	41.3069564246
60	41.3069564246
61	40.3069564246
62	41.3069564246
63	40.3069564246
64	40.3069564246
65	42.3069564246
66	42.3069564246
67	42.3069564246
68	41.3069564246
69	42.3069564246
70	41.3069564246
71	40.3069564246
72	41.3069564246
73	40.3069564246
74	42.3069564246
75	40.3069564246
76	42.3069564246
77	40.3069564246
78	42.3069564246
79	41.3069564246
80	40.3069564246
81	42.3069564246
82	40.3069564246
83	41.3069564246
84	42.3069564246
85	42.3069564246
86	40.3069564246
87	40.3069564246
88	41.3069564246
89	42.3069564246
90	40.3069564246
91	41.3069564246
92	40.3069564246
93	40.3069564246
94	40.3069564246
95	42.3069564246
96	40.3069564246
97	42.3069564246
98	41.3069564246
99	40.3069564246
100	41.3069564246
101	42.3069564246
102	42.3069564246
103	41.3069564246
104	41.3069564246
105	42.3069564246
106	42.3069564246
107	42.3069564246
108	42.3069564246
109	42.3069564246
110	41.3069564246
111	42.3069564246
112	42.3069564246
113	41.3069564246
114	40.3069564246
115	40.3069564246
116	40.3069564246
117	40.3069564246
118	40.3069564246
119	41.3069564246
120	40.3069564246
121	42.3069564246
122	40.3069564246
123	41.3069564246
124	40.3069564246
125	40.3069564246
126	40.3069564246
127	41.3069564246
128	40.3069564246
129	41.3069564246
130	41.3069564246
131	42.3069564246
132	41.3069564246
133	42.3069564246
134	41.3069564246
135	42.3069564246
136	42.3069564246
137	41.3069564246
138	41.3069564246
139	41.3069564246
140	42.3069564246
141	42.3069564246
142	40.3069564246
143	40.3069564246
144	41.3069564246
145	40.3069564246
146	40.3069564246
147	41.3069564246
148	42.3069564246
149	40.3069564246
150	42.3069564246
151	42.3069564246
152	42.3069564246
153	42.3069564246
154	42.3069564246
155	41.3069564246
156	40.3069564246
157	42.3069564246
158	42.3069564246
159	40.3069564246
160	42.3069564246
161	41.3069564246
162	40.3069564246
163	42.3069564246
164	41.3069564246
165	42.3069564246
166	42.3069564246
167	41.3069564246
168	40.3069564246
169	42.3069564246
170	40.3069564246
171	41.3069564246
172	41.3069564246
173	41.3069564246
174	41.3069564246
175	42.3069564246
176	40.3069564246
177	42.3069564246
178	40.3069564246
179	42.3069564246
180	42.3069564246
181	40.3069564246
182	40.3069564246
183	41.3069564246
184	40.3069564246
185	41.3069564246
186	40.3069564246
187	42.3069564246
188	40.3069564246
189	41.3069564246
190	41.3069564246
191	41.3069564246
192	40.3069564246
193	40.3069564246
194	42.3069564246
195	42.3069564246
196	40.3069564246
197	40.3069564246
198	42.3069564246
199	41.3069564246
200	40.3069564246
201	42.3069564246
202	41.3069564246
203	40.3069564246
204	42.3069564246
205	40.3069564246
206	42.3069564246
207	41.3069564246
208	40.3069564246
209	42.3069564246
210	40.3069564246
211	40.3069564246
212	42.3069564246
213	42.3069564246
214	42.3069564246
215	40.3069564246
216	40.3069564246
217	42.3069564246
218	41.3069564246
219	42.3069564246
220	41.3069564246
221	42.3069564246
222	40.3069564246
223	42.3069564246
224	40.3069564246
225	40.3069564246
226	41.3069564246
227	40.3069564246
228	42.3069564246
229	40.3069564246
230	41.3069564246
231	42.3069564246
232	42.3069564246
233	41.3069564246
234	42.3069564246
235	42.3069564246
236	40.3069564246
237	40.3069564246
238	42.3069564246
239	42.3069564246
240	42.3069564246
241	42.3069564246
242	42.3069564246
243	40.3069564246
244	41.3069564246
245	42.3069564246
246	40.3069564246
247	42.3069564246
248	42.3069564246
249	41.3069564246
250	40.3069564246
251	41.3069564246
252	41.3069564246
253	42.3069564246
254	40.3069564246
255	42.3069564246
256	42.3069564246
257	42.3069564246
258	40.3069564246
259	41.3069564246
260	41.3069564246
261	41.3069564246
262	42.3069564246
263	42.3069564246
264	41.3069564246
265	41.3069564246
266	42.3069564246
267	41.3069564246
268	40.3069564246
269	41.3069564246
270	42.3069564246
271	41.3069564246
272	41.3069564246
273	42.3069564246
274	41.3069564246
275	41.3069564246
276	40.3069564246
277	40.3069564246
278	40.3069564246
279	42.3069564246
280	41.3069564246
281	42.3069564246
282	42.3069564246
283	40.3069564246
284	41.3069564246
285	41.3069564246
286	42.3069564246
287	42.3069564246
288	41.3069564246
289	41.3069564246
290	40.3069564246
291	41.3069564246
292	40.3069564246
293	40.3069564246
294	41.3069564246
295	41.3069564246
296	40.3069564246
297	40.3069564246
298	42.3069564246
299	42.3069564246
300	40.3069564246
301	40.3069564246
302	40.3069564246
303	40.3069564246
304	40.3069564246
305	40.3069564246
306	41.3069564246
307	42.3069564246
308	41.3069564246
309	40.3069564246
310	41.3069564246
311	42.3069564246
312	40.3069564246
313	42.3069564246
314	40.3069564246
315	41.3069564246
316	40.3069564246
317	41.3069564246
318	41.3069564246
319	40.3069564246
320	41.3069564246
321	42.3069564246
322	41.3069564246
323	40.3069564246
324	42.3069564246
325	42.3069564246
326	41.3069564246
327	40.3069564246
328	42.3069564246
329	42.3069564246
330	40.3069564246
331	42.3069564246
332	42.3069564246
333	41.3069564246
334	42.3069564246
335	40.3069564246
336	42.3069564246
337	40.3069564246
338	40.3069564246
339	42.3069564246
340	40.3069564246
341	40.3069564246
342	42.3069564246
343	41.3069564246
344	41.3069564246
345	41.3069564246
346	40.3069564246
347	41.3069564246
348	42.3069564246
349	42.3069564246
350	40.3069564246
351	41.3069564246
352	41.3069564246
353	40.3069564246
354	42.3069564246
355	40.3069564246
356	42.3069564246
357	41.3069564246
358	41.3069564246
359	41.3069564246
360	40.3069564246
361	40.3069564246
362	40.3069564246
363	40.3069564246
364	41.3069564246
365	42.3069564246
366	42.3069564246
367	42.3069564246
368	41.3069564246
369	42.3069564246
370	41.3069564246
371	41.3069564246
372	41.3069564246
373	42.3069564246
374	42.3069564246
375	41.3069564246
376	42.3069564246
377	42.3069564246
378	42.3069564246
379	41.3069564246
380	40.3069564246
381	42.3069564246
382	42.3069564246
383	40.3069564246
384	42.3069564246
385	40.3069564246
386	40.3069564246
387	40.3069564246
388	40.3069564246
389	42.3069564246
390	42.3069564246
391	42.3069564246
392	42.3069564246
393	40.3069564246
394	41.3069564246
395	42.3069564246
396	40.3069564246
397	42.3069564246
398	42.3069564246
399	41.3069564246
400	40.3069564246
401	40.3069564246
402	42.3069564246
403	40.3069564246
404	41.3069564246
405	42.3069564246
406	42.3069564246
407	42.3069564246
408	42.3069564246
409	42.3069564246
410	41.3069564246
411	40.3069564246
412	41.3069564246
413	41.3069564246
414	42.3069564246
415	42.3069564246
416	40.3069564246
417	40.3069564246
418	42.3069564246
419	40.3069564246
420	40.3069564246
421	40.3069564246
422	40.3069564246
423	40.3069564246
424	42.3069564246
425	40.3069564246
426	40.3069564246
427	42.3069564246
428	40.3069564246
429	42.3069564246
430	42.3069564246
431	42.3069564246
432	42.3069564246
433	42.3069564246
434	40.3069564246
435	41.3069564246
436	42.3069564246
437	40.3069564246
438	42.3069564246
439	41.3069564246
440	41.3069564246
441	41.3069564246
442	41.3069564246
443	40.3069564246
444	42.3069564246
445	41.3069564246
446	40.3069564246
447	42.3069564246
448	42.3069564246
449	41.3069564246
450	41.3069564246
451	40.3069564246
452	40.3069564246
453	40.3069564246
454	40.3069564246
455	40.3069564246
456	41.3069564246
457	40.3069564246
458	41.3069564246
459	41.3069564246
460	40.3069564246
461	42.3069564246
462	42.3069564246
463	41.3069564246
464	42.3069564246
465	40.3069564246
466	40.3069564246
467	42.3069564246
468	40.3069564246
469	41.3069564246
470	41.3069564246
471	42.3069564246
472	42.3069564246
473	41.3069564246
474	42.3069564246
475	40.3069564246
476	40.3069564246
477	42.3069564246
478	42.3069564246
479	42.3069564246
480	41.3069564246
481	42.3069564246
482	42.3069564246
483	41.3069564246
484	42.3069564246
485	40.3069564246
486	40.3069564246
487	42.3069564246
488	40.3069564246
489	40.3069564246
490	40.3069564246
491	42.3069564246
492	41.3069564246
493	42.3069564246
494	42.3069564246
495	40.3069564246
496	41.3069564246
497	40.3069564246
498	42.3069564246
499	41.3069564246
500	40.3069564246
501	42.3069564246
502	41.3069564246
503	41.3069564246
504	40.3069564246
505	40.3069564246
506	40.3069564246
507	40.3069564246
508	41.3069564246
509	40.3069564246
510	41.3069564246
511	41.3069564246
512	42.3069564246
513	40.3069564246
514	41.3069564246
515	42.3069564246
516	40.3069564246
517	41.3069564246
518	40.3069564246
519	42.3069564246
520	42.3069564246
521	42.3069564246
522	40.3069564246
523	40.3069564246
524	41.3069564246
525	41.3069564246
526	40.3069564246
527	40.3069564246
528	40.3069564246
529	42.3069564246
530	42.3069564246
531	42.3069564246
532	42.3069564246
533	42.3069564246
534	40.3069564246
535	42.3069564246
536	40.3069564246
537	41.3069564246
538	41.3069564246
539	40.3069564246
540	42.3069564246
541	40.3069564246
542	42.3069564246
543	42.3069564246
544	40.3069564246
545	40.3069564246
546	41.3069564246
547	41.3069564246
548	41.3069564246
549	40.3069564246
550	41.3069564246
551	41.3069564246
552	41.3069564246
553	42.3069564246
554	42.3069564246
555	41.3069564246
556	40.3069564246
557	41.3069564246
558	41.3069564246
559	42.3069564246
560	41.3069564246
561	41.3069564246
562	40.3069564246
563	40.3069564246
564	40.3069564246
565	40.3069564246
566	40.3069564246
567	40.3069564246
568	41.3069564246
569	40.3069564246
570	40.3069564246
571	42.3069564246
572	40.3069564246
573	41.3069564246
574	41.3069564246
575	40.3069564246
576	41.3069564246
577	41.3069564246
578	42.3069564246
579	41.3069564246
580	40.3069564246
581	41.3069564246
582	40.3069564246
583	42.3069564246
584	42.3069564246
585	41.3069564246
586	41.3069564246
587	42.3069564246
588	41.3069564246
589	41.3069564246
590	40.3069564246
591	41.3069564246
592	41.3069564246
593	40.3069564246
594	42.3069564246
595	41.3069564246
596	41.3069564246
597	42.3069564246
598	40.3069564246
599	42.3069564246
600	40.3069564246
601	41.3069564246
602	42.3069564246
603	40.3069564246
604	41.3069564246
605	42.3069564246
606	42.3069564246
607	41.3069564246
608	42.3069564246
609	42.3069564246
610	41.3069564246
611	40.3069564246
612	41.3069564246
613	40.3069564246
614	41.3069564246
615	41.3069564246
616	41.3069564246
617	42.3069564246
618	42.3069564246
619	41.3069564246
620	41.3069564246
621	42.3069564246
622	41.3069564246
623	40.3069564246
624	40.3069564246
625	42.3069564246
626	40.3069564246
627	42.3069564246
628	40.3069564246
629	42.3069564246
630	41.3069564246
631	40.3069564246
632	42.3069564246
633	41.3069564246
634	42.3069564246
635	41.3069564246
636	40.3069564246
637	41.3069564246
638	41.3069564246
639	41.3069564246
640	41.3069564246
641	41.3069564246
642	40.3069564246
643	42.3069564246
644	40.3069564246
645	40.3069564246
646	41.3069564246
647	40.3069564246
648	42.3069564246
649	40.3069564246
650	41.3069564246
651	42.3069564246
652	41.3069564246
653	42.3069564246
654	42.3069564246
655	41.3069564246
656	40.3069564246
657	41.3069564246
658	41.3069564246
659	42.3069564246
660	40.3069564246
661	41.3069564246
662	42.3069564246
663	40.3069564246
664	40.3069564246
665	40.3069564246
666	40.3069564246
667	42.3069564246
668	40.3069564246
669	42.3069564246
670	40.3069564246
671	42.3069564246
672	40.3069564246
673	42.3069564246
674	40.3069564246
675	42.3069564246
676	42.3069564246
677	41.3069564246
678	41.3069564246
679	42.3069564246
680	42.3069564246
681	42.3069564246
682	42.3069564246
683	41.3069564246
684	42.3069564246
685	41.3069564246
686	41.3069564246
687	40.3069564246
688	40.3069564246
689	41.3069564246
690	41.3069564246
691	40.3069564246
692	40.3069564246
693	40.3069564246
694	40.3069564246
695	41.3069564246
696	40.3069564246
697	41.3069564246
698	40.3069564246
699	41.3069564246
700	41.3069564246
701	42.3069564246
702	42.3069564246
703	40.3069564246
704	40.3069564246
705	41.3069564246
706	42.3069564246
707	41.3069564246
708	41.3069564246
709	40.3069564246
710	40.3069564246
711	40.3069564246
712	40.3069564246
713	42.3069564246
714	40.3069564246
715	42.3069564246
716	40.3069564246
717	40.3069564246
718	41.3069564246
719	42.3069564246
720	40.3069564246
721	40.3069564246
722	40.3069564246
723	40.3069564246
724	42.3069564246
725	41.3069564246
726	40.3069564246
727	40.3069564246
728	41.3069564246
729	41.3069564246
730	40.3069564246
731	40.3069564246
732	42.3069564246
733	40.3069564246
734	41.3069564246
735	42.3069564246
736	41.3069564246
737	42.3069564246
738	41.3069564246
739	41.3069564246
740	42.3069564246
741	40.3069564246
742	42.3069564246
743	42.3069564246
744	41.3069564246
745	40.3069564246
746	41.3069564246
747	42.3069564246
748	41.3069564246
749	40.3069564246
750	40.3069564246
751	41.3069564246
752	41.3069564246
753	41.3069564246
754	40.3069564246
755	40.3069564246
756	41.3069564246
757	42.3069564246
758	42.3069564246
759	41.3069564246
760	41.3069564246
761	40.3069564246
762	41.3069564246
763	42.3069564246
764	42.3069564246
765	42.3069564246
766	41.3069564246
767	42.3069564246
768	41.3069564246
769	40.3069564246
770	41.3069564246
771	40.3069564246
772	42.3069564246
773	42.3069564246
774	42.3069564246
775	42.3069564246
776	42.3069564246
777	41.3069564246
778	41.3069564246
779	40.3069564246
780	42.3069564246
781	41.3069564246
782	42.3069564246
783	42.3069564246
784	42.3069564246
785	42.3069564246
786	40.3069564246
787	40.3069564246
788	42.3069564246
789	40.3069564246
790	41.3069564246
791	40.3069564246
792	41.3069564246
793	40.3069564246
794	41.3069564246
795	41.3069564246
796	41.3069564246
797	41.3069564246
798	42.3069564246
799	41.3069564246
800	40.3069564246
801	41.3069564246
802	41.3069564246
803	41.3069564246
804	42.3069564246
805	40.3069564246
806	41.3069564246
807	41.3069564246
808	42.3069564246
809	41.3069564246
810	42.3069564246
811	41.3069564246
812	41.3069564246
813	41.3069564246
814	42.3069564246
815	41.3069564246
816	42.3069564246
817	41.3069564246
818	42.3069564246
819	40.3069564246
820	40.3069564246
821	42.3069564246
822	41.3069564246
823	41.3069564246
824	42.3069564246
825	42.3069564246
826	40.3069564246
827	41.3069564246
828	40.3069564246
829	42.3069564246
830	41.3069564246
831	42.3069564246
832	41.3069564246
833	40.3069564246
834	40.3069564246
835	42.3069564246
836	40.3069564246
837	41.3069564246
838	42.3069564246
839	41.3069564246
840	41.3069564246
841	41.3069564246
842	42.3069564246
843	42.3069564246
844	42.3069564246
845	41.3069564246
846	42.3069564246
847	42.3069564246
848	42.3069564246
849	41.3069564246
850	40.3069564246
851	40.3069564246
852	41.3069564246
853	41.3069564246
854	41.3069564246
855	41.3069564246
856	41.3069564246
857	40.3069564246
858	40.3069564246
859	42.3069564246
860	42.3069564246
861	41.3069564246
862	41.3069564246
863	42.3069564246
864	40.3069564246
865	41.3069564246
866	42.3069564246
867	41.3069564246
868	42.3069564246
869	42.3069564246
870	40.3069564246
871	42.3069564246
872	40.3069564246
873	42.3069564246
874	42.3069564246
875	42.3069564246
876	41.3069564246
877	41.3069564246
878	41.3069564246
879	40.3069564246
880	41.3069564246
881	40.3069564246
882	41.3069564246
883	40.3069564246
884	41.3069564246
885	41.3069564246
886	41.3069564246
887	40.3069564246
888	40.3069564246
889	41.3069564246
890	42.3069564246
891	41.3069564246
892	41.3069564246
893	42.3069564246
894	41.3069564246
895	42.3069564246
896	41.3069564246
897	41.3069564246
898	41.3069564246
899	40.3069564246
900	40.3069564246
901	40.3069564246
902	41.3069564246
903	40.3069564246
904	40.3069564246
905	40.3069564246
906	41.3069564246
907	40.3069564246
908	41.3069564246
909	40.3069564246
910	42.3069564246
911	42.3069564246
912	41.3069564246
913	40.3069564246
914	42.3069564246
915	40.3069564246
916	42.3069564246
917	41.3069564246
918	41.3069564246
919	40.3069564246
920	42.3069564246
921	40.3069564246
922	42.3069564246
923	40.3069564246
924	41.3069564246
925	42.3069564246
926	42.3069564246
927	41.3069564246
928	42.3069564246
929	40.3069564246
930	41.3069564246
931	40.3069564246
932	40.3069564246
933	40.3069564246
934	42.3069564246
935	41.3069564246
936	42.3069564246
937	41.3069564246
938	40.3069564246
939	40.3069564246
940	40.3069564246
941	42.3069564246
942	42.3069564246
943	41.3069564246
944	40.3069564246
945	41.3069564246
946	42.3069564246
947	40.3069564246
948	41.3069564246
949	40.3069564246
950	41.3069564246
951	41.3069564246
952	40.3069564246
953	42.3069564246
954	40.3069564246
955	41.3069564246
956	42.3069564246
957	41.3069564246
958	42.3069564246
959	42.3069564246
960	41.3069564246
961	42.3069564246
962	41.3069564246
963	41.3069564246
964	42.3069564246
965	40.3069564246
966	41.3069564246
967	42.3069564246
968	41.3069564246
969	42.3069564246
970	42.3069564246
971	42.3069564246
972	41.3069564246
973	40.3069564246
974	40.3069564246
975	42.3069564246
976	42.3069564246
977	41.3069564246
978	40.3069564246
979	42.3069564246
980	40.3069564246
981	41.3069564246
982	42.3069564246
983	40.3069564246
984	42.3069564246
985	41.3069564246
986	41.3069564246
987	41.3069564246
988	40.3069564246
989	41.3069564246
990	40.3069564246
991	40.3069564246
992	42.3069564246
993	42.3069564246
994	41.3069564246
995	40.3069564246
996	40.3069564246
997	41.3069564246
998	42.3069564246
999	42.3069564246
1000	41.3069564246
1001	42.3069564246
1002	42.3069564246
1003	42.3069564246
1004	42.3069564246
1005	40.3069564246
1006	41.3069564246
1007	40.3069564246
1008	40.3069564246
1009	40.3069564246
1010	42.3069564246
1011	40.3069564246
1012	42.3069564246
1013	40.3069564246
1014	41.3069564246
1015	42.3069564246
1016	41.3069564246
1017	41.3069564246
1018	41.3069564246
1019	41.3069564246
1020	41.3069564246
1021	41.3069564246
1022	42.3069564246
1023	42.3069564246
1024	40.3069564246
1025	40.3069564246
1026	42.3069564246
1027	42.3069564246
1028	41.3069564246
1029	40.3069564246
1030	41.3069564246
1031	42.3069564246
1032	40.3069564246
1033	42.3069564246
1034	41.3069564246
1035	42.3069564246
1036	41.3069564246
1037	42.3069564246
1038	40.3069564246
1039	40.3069564246
1040	40.3069564246
1041	41.3069564246
1042	41.3069564246
1043	40.3069564246
1044	41.3069564246
1045	42.3069564246
1046	42.3069564246
1047	42.3069564246
1048	41.3069564246
1049	42.3069564246
1050	40.3069564246
1051	41.3069564246
1052	40.3069564246
1053	40.3069564246
1054	41.3069564246
1055	41.3069564246
1056	42.3069564246
1057	42.3069564246
1058	40.3069564246
1059	42.3069564246
1060	41.3069564246
1061	42.3069564246
1062	42.3069564246
1063	42.3069564246
1064	41.3069564246
1065	42.3069564246
1066	41.3069564246
1067	42.3069564246
1068	42.3069564246
1069	41.3069564246
1070	42.3069564246
1071	42.3069564246
1072	41.3069564246
1073	41.3069564246
1074	40.3069564246
1075	41.3069564246
1076	42.3069564246
1077	42.3069564246
1078	42.3069564246
1079	40.3069564246
1080	40.3069564246
1081	41.3069564246
1082	42.3069564246
1083	40.3069564246
1084	42.3069564246
1085	41.3069564246
1086	42.3069564246
1087	41.3069564246
1088	40.3069564246
1089	40.3069564246
1090	40.3069564246
1091	41.3069564246
1092	40.3069564246
1093	42.3069564246
1094	42.3069564246
1095	40.3069564246
1096	41.3069564246
1097	42.3069564246
1098	40.3069564246
1099	41.3069564246
1100	40.3069564246
1101	41.3069564246
1102	40.3069564246
1103	42.3069564246
1104	40.3069564246
1105	41.3069564246
1106	42.3069564246
1107	40.3069564246
1108	41.3069564246
1109	41.3069564246
1110	40.3069564246
1111	40.3069564246
1112	42.3069564246
1113	40.3069564246
1114	41.3069564246
1115	40.3069564246
1116	40.3069564246
1117	42.3069564246
1118	41.3069564246
1119	42.3069564246
1120	42.3069564246
1121	40.3069564246
1122	42.3069564246
1123	41.3069564246
1124	41.3069564246
1125	41.3069564246
1126	42.3069564246
1127	40.3069564246
1128	42.3069564246
1129	41.3069564246
1130	41.3069564246
1131	42.3069564246
1132	40.3069564246
1133	42.3069564246
1134	40.3069564246
1135	41.3069564246
1136	42.3069564246
1137	41.3069564246
1138	41.3069564246
1139	42.3069564246
1140	42.3069564246
1141	40.3069564246
1142	41.3069564246
1143	40.3069564246
1144	41.3069564246
1145	42.3069564246
1146	42.3069564246
1147	41.3069564246
1148	41.3069564246
1149	40.3069564246
1150	40.3069564246
1151	40.3069564246
1152	41.3069564246
1153	40.3069564246
1154	40.3069564246
1155	40.3069564246
1156	40.3069564246
1157	40.3069564246
1158	42.3069564246
1159	41.3069564246
1160	40.3069564246
1161	40.3069564246
1162	41.3069564246
1163	40.3069564246
1164	42.3069564246
1165	40.3069564246
1166	40.3069564246
1167	41.3069564246
1168	41.3069564246
1169	40.3069564246
1170	42.3069564246
1171	41.3069564246
1172	42.3069564246
1173	41.3069564246
1174	40.3069564246
1175	41.3069564246
1176	41.3069564246
1177	40.3069564246
1178	42.3069564246
1179	40.3069564246
1180	41.3069564246
1181	40.3069564246
1182	40.3069564246
1183	41.3069564246
1184	40.3069564246
1185	40.3069564246
1186	42.3069564246
1187	42.3069564246
1188	40.3069564246
1189	40.3069564246
1190	41.3069564246
1191	41.3069564246
1192	42.3069564246
1193	40.3069564246
1194	42.3069564246
1195	40.3069564246
1196	40.3069564246
1197	42.3069564246
1198	41.3069564246
1199	40.3069564246
1200	40.3069564246
1201	40.3069564246
1202	42.3069564246
1203	40.3069564246
1204	40.3069564246
1205	41.3069564246
1206	41.3069564246
1207	40.3069564246
1208	40.3069564246
1209	41.3069564246
1210	41.3069564246
1211	41.3069564246
1212	40.3069564246
1213	40.3069564246
1214	42.3069564246
1215	40.3069564246
1216	41.3069564246
1217	41.3069564246
1218	40.3069564246
1219	41.3069564246
1220	40.3069564246
1221	42.3069564246
1222	40.3069564246
1223	40.3069564246
1224	40.3069564246
1225	40.3069564246
1226	40.3069564246
1227	42.3069564246
1228	42.3069564246
1229	41.3069564246
1230	41.3069564246
1231	42.3069564246
1232	42.3069564246
1233	41.3069564246
1234	42.3069564246
1235	40.3069564246
1236	40.3069564246
1237	42.3069564246
1238	42.3069564246
1239	42.3069564246
1240	42.3069564246
1241	42.3069564246
1242	41.3069564246
1243	42.3069564246
1244	41.3069564246
1245	40.3069564246
1246	42.3069564246
1247	41.3069564246
1248	42.3069564246
1249	42.3069564246
1250	42.3069564246
1251	40.3069564246
1252	41.3069564246
1253	42.3069564246
1254	42.3069564246
1255	40.3069564246
1256	41.3069564246
1257	41.3069564246
1258	42.3069564246
1259	40.3069564246
1260	40.3069564246
1261	42.3069564246
1262	40.3069564246
1263	41.3069564246
1264	40.3069564246
1265	40.3069564246
1266	40.3069564246
1267	40.3069564246
1268	40.3069564246
1269	42.3069564246
1270	41.3069564246
1271	41.3069564246
1272	40.3069564246
1273	40.3069564246
1274	41.3069564246
1275	41.3069564246
1276	41.3069564246
1277	41.3069564246
1278	41.3069564246
1279	41.3069564246
1280	41.3069564246
1281	40.3069564246
1282	41.3069564246
1283	42.3069564246
1284	42.3069564246
1285	42.3069564246
1286	40.3069564246
1287	41.3069564246
1288	42.3069564246
1289	41.3069564246
1290	40.3069564246
1291	42.3069564246
1292	42.3069564246
1293	40.3069564246
1294	41.3069564246
1295	41.3069564246
1296	42.3069564246
1297	42.3069564246
1298	40.3069564246
1299	42.3069564246
1300	41.3069564246
1301	40.3069564246
1302	40.3069564246
1303	41.3069564246
1304	42.3069564246
1305	40.3069564246
1306	41.3069564246
1307	40.3069564246
1308	42.3069564246
1309	41.3069564246
1310	40.3069564246
1311	41.3069564246
1312	40.3069564246
1313	41.3069564246
1314	41.3069564246
1315	41.3069564246
1316	40.3069564246
1317	41.3069564246
1318	42.3069564246
1319	40.3069564246
1320	42.3069564246
1321	42.3069564246
1322	40.3069564246
1323	41.3069564246
1324	41.3069564246
1325	41.3069564246
1326	40.3069564246
1327	40.3069564246
1328	42.3069564246
1329	41.3069564246
1330	42.3069564246
1331	41.3069564246
1332	41.3069564246
1333	40.3069564246
1334	41.3069564246
1335	40.3069564246
1336	41.3069564246
1337	41.3069564246
1338	42.3069564246
1339	41.3069564246
1340	42.3069564246
1341	42.3069564246
1342	41.3069564246
1343	40.3069564246
1344	41.3069564246
1345	41.3069564246
1346	41.3069564246
1347	42.3069564246
1348	42.3069564246
1349	41.3069564246
1350	40.3069564246
1351	40.3069564246
1352	41.3069564246
1353	42.3069564246
1354	42.3069564246
1355	42.3069564246
1356	42.3069564246
1357	41.3069564246
1358	41.3069564246
1359	40.3069564246
1360	40.3069564246
1361	40.3069564246
1362	40.3069564246
1363	40.3069564246
1364	41.3069564246
1365	40.3069564246
1366	41.3069564246
1367	40.3069564246
1368	41.3069564246
1369	42.3069564246
1370	40.3069564246
1371	41.3069564246
1372	42.3069564246
1373	40.3069564246
1374	40.3069564246
1375	41.3069564246
1376	41.3069564246
1377	40.3069564246
1378	40.3069564246
1379	41.3069564246
1380	41.3069564246
1381	42.3069564246
1382	40.3069564246
1383	42.3069564246
1384	41.3069564246
1385	40.3069564246
1386	42.3069564246
1387	42.3069564246
1388	40.3069564246
1389	42.3069564246
1390	42.3069564246
1391	40.3069564246
1392	41.3069564246
1393	40.3069564246
1394	41.3069564246
1395	42.3069564246
1396	42.3069564246
1397	40.3069564246
1398	42.3069564246
1399	40.3069564246
1400	41.3069564246
1401	40.3069564246
1402	41.3069564246
1403	42.3069564246
1404	40.3069564246
1405	42.3069564246
1406	42.3069564246
1407	42.3069564246
1408	42.3069564246
1409	42.3069564246
1410	42.3069564246
1411	42.3069564246
1412	42.3069564246
1413	42.3069564246
1414	42.3069564246
1415	41.3069564246
1416	40.3069564246
1417	40.3069564246
1418	42.3069564246
1419	40.3069564246
1420	40.3069564246
1421	42.3069564246
1422	41.3069564246
1423	40.3069564246
1424	40.3069564246
1425	40.3069564246
1426	41.3069564246
1427	41.3069564246
1428	41.3069564246
1429	41.3069564246
1430	40.3069564246
1431	41.3069564246
1432	40.3069564246
1433	42.3069564246
1434	42.3069564246
1435	41.3069564246
1436	40.3069564246
1437	42.3069564246
1438	42.3069564246
1439	42.3069564246
1440	42.3069564246
1441	41.3069564246
1442	40.3069564246
1443	41.3069564246
1444	41.3069564246
1445	41.3069564246
1446	40.3069564246
1447	42.3069564246
1448	41.3069564246
1449	40.3069564246
1450	41.3069564246
1451	40.3069564246
1452	40.3069564246
1453	41.3069564246
1454	40.3069564246
1455	42.3069564246
1456	41.3069564246
1457	42.3069564246
1458	41.3069564246
1459	42.3069564246
1460	40.3069564246
1461	40.3069564246
1462	41.3069564246
1463	42.3069564246
1464	40.3069564246
1465	42.3069564246
1466	40.3069564246
1467	40.3069564246
1468	40.3069564246
1469	42.3069564246
1470	41.3069564246
1471	42.3069564246
1472	41.3069564246
1473	41.3069564246
1474	40.3069564246
1475	40.3069564246
1476	41.3069564246
1477	40.3069564246
1478	41.3069564246
1479	41.3069564246
1480	42.3069564246
1481	42.3069564246
1482	41.3069564246
1483	41.3069564246
1484	41.3069564246
1485	41.3069564246
1486	42.3069564246
1487	42.3069564246
1488	40.3069564246
1489	42.3069564246
1490	41.3069564246
1491	41.3069564246
1492	41.3069564246
1493	41.3069564246
1494	40.3069564246
1495	42.3069564246
1496	40.3069564246
1497	40.3069564246
1498	42.3069564246
1499	41.3069564246
1500	40.3069564246
1501	42.3069564246
1502	40.3069564246
1503	40.3069564246
1504	40.3069564246
1505	41.3069564246
1506	40.3069564246
1507	41.3069564246
1508	41.3069564246
1509	42.3069564246
1510	42.3069564246
1511	40.3069564246
1512	42.3069564246
1513	40.3069564246
1514	41.3069564246
1515	41.3069564246
1516	40.3069564246
1517	40.3069564246
1518	40.3069564246
1519	42.3069564246
1520	40.3069564246
1521	41.3069564246
1522	42.3069564246
1523	40.3069564246
1524	41.3069564246
1525	42.3069564246
1526	40.3069564246
1527	42.3069564246
1528	40.3069564246
1529	42.3069564246
1530	42.3069564246
1531	40.3069564246
1532	41.3069564246
1533	41.3069564246
1534	41.3069564246
1535	42.3069564246
1536	40.3069564246
1537	41.3069564246
1538	41.3069564246
1539	41.3069564246
1540	40.3069564246
1541	40.3069564246
1542	41.3069564246
1543	41.3069564246
1544	40.3069564246
1545	42.3069564246
1546	42.3069564246
1547	42.3069564246
1548	41.3069564246
1549	40.3069564246
1550	42.3069564246
1551	41.3069564246
1552	42.3069564246
1553	41.3069564246
1554	42.3069564246
1555	42.3069564246
1556	40.3069564246
1557	41.3069564246
1558	40.3069564246
1559	42.3069564246
1560	42.3069564246
1561	40.3069564246
1562	41.3069564246
1563	41.3069564246
1564	42.3069564246
1565	42.3069564246
1566	40.3069564246
1567	41.3069564246
1568	40.3069564246
1569	41.3069564246
1570	40.3069564246
1571	40.3069564246
1572	42.3069564246
1573	42.3069564246
1574	41.3069564246
1575	42.3069564246
1576	41.3069564246
1577	41.3069564246
1578	41.3069564246
1579	42.3069564246
1580	42.3069564246
1581	40.3069564246
1582	40.3069564246
1583	42.3069564246
1584	42.3069564246
1585	40.3069564246
1586	40.3069564246
1587	41.3069564246
1588	41.3069564246
1589	40.3069564246
1590	42.3069564246
1591	42.3069564246
1592	40.3069564246
1593	41.3069564246
1594	42.3069564246
1595	41.3069564246
1596	41.3069564246
1597	41.3069564246
1598	41.3069564246
1599	40.3069564246
1600	42.3069564246
1601	41.3069564246
1602	40.3069564246
1603	41.3069564246
1604	40.3069564246
1605	41.3069564246
1606	42.3069564246
1607	40.3069564246
1608	42.3069564246
1609	42.3069564246
1610	41.3069564246
1611	41.3069564246
1612	41.3069564246
1613	42.3069564246
1614	41.3069564246
1615	42.3069564246
1616	42.3069564246
1617	42.3069564246
1618	42.3069564246
1619	42.3069564246
1620	41.3069564246
1621	42.3069564246
1622	42.3069564246
1623	41.3069564246
1624	42.3069564246
1625	42.3069564246
1626	40.3069564246
1627	42.3069564246
1628	41.3069564246
1629	40.3069564246
1630	40.3069564246
1631	40.3069564246
1632	42.3069564246
1633	40.3069564246
1634	40.3069564246
1635	41.3069564246
1636	41.3069564246
1637	42.3069564246
1638	42.3069564246
1639	40.3069564246
1640	40.3069564246
1641	42.3069564246
1642	40.3069564246
1643	40.3069564246
1644	42.3069564246
1645	40.3069564246
1646	42.3069564246
1647	42.3069564246
1648	42.3069564246
1649	40.3069564246
1650	40.3069564246
1651	40.3069564246
1652	42.3069564246
1653	41.3069564246
1654	40.3069564246
1655	41.3069564246
1656	41.3069564246
1657	40.3069564246
1658	42.3069564246
1659	42.3069564246
1660	41.3069564246
1661	42.3069564246
1662	40.3069564246
1663	42.3069564246
1664	42.3069564246
1665	40.3069564246
1666	41.3069564246
1667	41.3069564246
1668	40.3069564246
1669	41.3069564246
1670	42.3069564246
1671	41.3069564246
1672	40.3069564246
1673	40.3069564246
1674	42.3069564246
1675	40.3069564246
1676	41.3069564246
1677	40.3069564246
1678	41.3069564246
1679	42.3069564246
1680	40.3069564246
1681	40.3069564246
1682	41.3069564246
1683	42.3069564246
1684	42.3069564246
1685	41.3069564246
1686	40.3069564246
1687	41.3069564246
1688	42.3069564246
1689	41.3069564246
1690	41.3069564246
1691	40.3069564246
1692	42.3069564246
1693	41.3069564246
1694	40.3069564246
1695	42.3069564246
1696	42.3069564246
1697	41.3069564246
1698	41.3069564246
1699	42.3069564246
1700	41.3069564246
1701	40.3069564246
1702	40.3069564246
1703	40.3069564246
1704	41.3069564246
1705	42.3069564246
1706	41.3069564246
1707	41.3069564246
1708	40.3069564246
1709	40.3069564246
1710	41.3069564246
1711	42.3069564246
1712	41.3069564246
1713	42.3069564246
1714	42.3069564246
1715	40.3069564246
1716	40.3069564246
1717	40.3069564246
1718	42.3069564246
1719	41.3069564246
1720	41.3069564246
1721	41.3069564246
1722	42.3069564246
1723	40.3069564246
1724	41.3069564246
1725	41.3069564246
1726	42.3069564246
1727	41.3069564246
1728	40.3069564246
1729	42.3069564246
1730	40.3069564246
1731	42.3069564246
1732	41.3069564246
1733	41.3069564246
1734	40.3069564246
1735	40.3069564246
1736	41.3069564246
1737	40.3069564246
1738	41.3069564246
1739	40.3069564246
1740	42.3069564246
1741	42.3069564246
1742	41.3069564246
1743	42.3069564246
1744	42.3069564246
1745	40.3069564246
1746	42.3069564246
1747	40.3069564246
1748	42.3069564246
1749	42.3069564246
1750	40.3069564246
1751	42.3069564246
1752	42.3069564246
1753	40.3069564246
1754	40.3069564246
1755	41.3069564246
1756	42.3069564246
1757	40.3069564246
1758	40.3069564246
1759	42.3069564246
1760	41.3069564246
1761	42.3069564246
1762	41.3069564246
1763	41.3069564246
1764	41.3069564246
1765	40.3069564246
1766	42.3069564246
1767	41.3069564246
1768	42.3069564246
1769	40.3069564246
1770	42.3069564246
1771	41.3069564246
1772	42.3069564246
1773	41.3069564246
1774	42.3069564246
1775	40.3069564246
1776	40.3069564246
1777	42.3069564246
1778	40.3069564246
1779	40.3069564246
1780	42.3069564246
1781	41.3069564246
1782	40.3069564246
1783	40.3069564246
1784	42.3069564246
1785	42.3069564246
1786	41.3069564246
1787	40.3069564246
1788	42.3069564246
1789	42.3069564246
1790	42.3069564246
1791	41.3069564246
1792	41.3069564246
1793	40.3069564246
1794	42.3069564246
1795	42.3069564246
1796	40.3069564246
1797	41.3069564246
1798	42.3069564246
1799	41.3069564246
1800	40.3069564246
1801	40.3069564246
1802	40.3069564246
1803	41.3069564246
1804	41.3069564246
1805	41.3069564246
1806	42.3069564246
1807	41.3069564246
1808	42.3069564246
1809	40.3069564246
1810	42.3069564246
1811	40.3069564246
1812	40.3069564246
1813	42.3069564246
1814	40.3069564246
1815	42.3069564246
1816	40.3069564246
1817	40.3069564246
1818	40.3069564246
1819	40.3069564246
1820	41.3069564246
1821	41.3069564246
1822	42.3069564246
1823	42.3069564246
1824	42.3069564246
1825	42.3069564246
1826	41.3069564246
1827	40.3069564246
1828	42.3069564246
1829	42.3069564246
1830	41.3069564246
1831	42.3069564246
1832	40.3069564246
1833	41.3069564246
1834	42.3069564246
1835	40.3069564246
1836	41.3069564246
1837	42.3069564246
1838	42.3069564246
1839	40.3069564246
1840	40.3069564246
1841	42.3069564246
1842	41.3069564246
1843	42.3069564246
1844	42.3069564246
1845	41.3069564246
1846	40.3069564246
1847	42.3069564246
1848	40.3069564246
1849	41.3069564246
1850	42.3069564246
1851	42.3069564246
1852	40.3069564246
1853	41.3069564246
1854	41.3069564246
1855	41.3069564246
1856	42.3069564246
1857	40.3069564246
1858	41.3069564246
1859	41.3069564246
1860	41.3069564246
1861	42.3069564246
1862	40.3069564246
1863	42.3069564246
1864	40.3069564246
1865	42.3069564246
1866	41.3069564246
1867	42.3069564246
1868	40.3069564246
1869	42.3069564246
1870	42.3069564246
1871	41.3069564246
1872	42.3069564246
1873	41.3069564246
1874	40.3069564246
1875	40.3069564246
1876	42.3069564246
1877	41.3069564246
1878	42.3069564246
1879	42.3069564246
1880	42.3069564246
1881	40.3069564246
1882	42.3069564246
1883	42.3069564246
1884	41.3069564246
1885	42.3069564246
1886	40.3069564246
1887	40.3069564246
1888	42.3069564246
1889	42.3069564246
1890	41.3069564246
1891	42.3069564246
1892	42.3069564246
1893	40.3069564246
1894	42.3069564246
1895	40.3069564246
1896	42.3069564246
1897	41.3069564246
1898	41.3069564246
1899	41.3069564246
1900	42.3069564246
1901	40.3069564246
1902	40.3069564246
1903	42.3069564246
1904	40.3069564246
1905	41.3069564246
1906	42.3069564246
1907	40.3069564246
1908	41.3069564246
1909	40.3069564246
1910	42.3069564246
1911	41.3069564246
1912	41.3069564246
1913	42.3069564246
1914	40.3069564246
1915	42.3069564246
1916	42.3069564246
1917	40.3069564246
1918	42.3069564246
1919	41.3069564246
1920	41.3069564246
1921	42.3069564246
1922	42.3069564246
1923	40.3069564246
1924	41.3069564246
1925	41.3069564246
1926	40.3069564246
1927	42.3069564246
1928	40.3069564246
1929	40.3069564246
1930	41.3069564246
1931	42.3069564246
1932	42.3069564246
1933	42.3069564246
1934	42.3069564246
1935	40.3069564246
1936	41.3069564246
1937	42.3069564246
1938	40.3069564246
1939	40.3069564246
1940	42.3069564246
1941	41.3069564246
1942	41.3069564246
1943	42.3069564246
1944	40.3069564246
1945	40.3069564246
1946	41.3069564246
1947	40.3069564246
1948	42.3069564246
1949	42.3069564246
1950	42.3069564246
1951	40.3069564246
1952	42.3069564246
1953	41.3069564246
1954	40.3069564246
1955	41.3069564246
1956	42.3069564246
1957	42.3069564246
1958	42.3069564246
1959	41.3069564246
1960	41.3069564246
1961	42.3069564246
1962	40.3069564246
1963	40.3069564246
1964	40.3069564246
1965	41.3069564246
1966	41.3069564246
1967	41.3069564246
1968	40.3069564246
1969	40.3069564246
1970	41.3069564246
1971	40.3069564246
1972	42.3069564246
1973	40.3069564246
1974	42.3069564246
1975	40.3069564246
1976	41.3069564246
1977	40.3069564246
1978	42.3069564246
1979	42.3069564246
1980	41.3069564246
1981	40.3069564246
1982	40.3069564246
1983	41.3069564246
1984	40.3069564246
1985	41.3069564246
1986	42.3069564246
1987	42.3069564246
1988	40.3069564246
1989	42.3069564246
1990	42.3069564246
1991	41.3069564246
1992	42.3069564246
1993	42.3069564246
1994	41.3069564246
1995	40.3069564246
1996	41.3069564246
1997	40.3069564246
1998	40.3069564246
1999	40.3069564246
2000	41.3069564246
2001	42.3069564246
