1	5
2	9.975
3	14.925125
4	19.850499375
5	24.7512468781
6	29.6274906437
7	34.4793531905
8	39.3069564246
9	44.1104216424
10	48.8898695342
11	53.6454201866
12	58.3771930856
13	63.0853071202
14	67.7698805846
15	72.4310311817
16	77.0688760258
17	81.6835316456
18	86.2751139874
19	90.8437384175
20	95.3895197254
21	99.9125721268
22	104.413009266
23	108.89094422
24	113.346489499
25	117.779757051
26	122.190858266
27	126.579903975
28	130.947004455
29	135.292269432
30	139.615808085
31	143.917729045
32	148.1981404
33	152.457149698
34	156.694863949
35	160.911389629
36	165.106832681
37	169.281298518
38	173.434892025
39	177.567717565
40	181.679878977
41	185.771479582
42	189.842622185
43	193.893409074
44	197.923942028
45	201.934322318
46	205.924650707
47	209.895027453
48	213.845552316
49	217.776324554
50	221.687442931
51	225.579005717
52	229.451110688
53	233.303855135
54	237.137335859
55	240.95164918
56	244.746890934
57	248.523156479
58	252.280540697
59	256.019137993
60	259.739042303
61	263.440347092
62	267.123145356
63	270.78752963
64	274.433591981
65	278.061424021
66	281.671116901
67	285.262761317
68	288.83644751
69	292.392265273
70	295.930303946
71	299.450652427
72	302.953399165
73	306.438632169
74	309.906439008
75	313.356906813
76	316.790122279
77	320.206171667
78	323.605140809
79	326.987115105
80	330.352179529
81	333.700418632
82	337.031916539
83	340.346756956
84	343.645023171
85	346.926798055
86	350.192164065
87	353.441203245
88	356.673997228
89	359.890627242
90	363.091174106
91	366.275718236
92	369.444339644
93	372.597117946
94	375.734132356
95	378.855461695
96	381.961184386
97	385.051378464
98	388.126121572
99	391.185490964
100	394.229563509
101	397
102	395
103	397
104	397
105	395
106	396
107	397
108	396
109	397
110	395
111	395
112	397
113	395
114	395
115	396
116	397
117	395
118	397
119	396
120	396
121	397
122	397
123	395
124	396
125	396
126	396
127	396
128	395
129	396
130	397
131	396
132	395
133	395
134	395
135	397
136	395
137	395
138	397
139	397
140	395
141	396
142	396
143	395
144	397
145	397
146	396
147	396
148	396
149	396
150	396
151	397
152	395
153	397
154	396
155	396
156	397
157	395
158	395
159	397
160	395
161	396
162	395
163	397
164	396
165	395
166	395
167	396
168	395
169	396
170	396
171	397
172	395
173	396
174	395
175	397
176	396
177	395
178	395
179	397
180	395
181	397
182	395
183	396
184	396
185	395
186	395
187	395
188	396
189	396
190	397
191	397
192	395
193	397
194	397
195	396
196	396
197	396
198	396
199	397
200	395
201	395
202	397
203	397
204	395
205	396
206	396
207	397
208	397
209	395
210	396
211	395
212	397
213	397
214	395
215	397
216	397
217	396
218	395
219	396
220	397
221	395
222	397
223	395
224	397
225	395
226	395
227	395
228	395
229	397
230	397
231	395
232	395
233	397
234	395
235	396
236	395
237	395
238	395
239	395
240	396
241	395
242	396
243	395
244	395
245	395
246	396
247	396
248	397
249	395
250	396
251	396
252	397
253	395
254	396
255	395
256	397
257	396
258	396
259	397
260	395
261	397
262	396
263	395
264	395
265	395
266	395
267	397
268	395
269	397
270	395
271	396
272	395
273	397
274	396
275	396
276	396
277	396
278	397
279	396
280	397
281	395
282	395
283	397
284	396
285	395
286	395
287	397
288	396
289	396
290	397
291	395
292	396
293	397
294	395
295	396
296	396
297	396
298	397
299	396
300	397
301	395
302	396
303	395
304	395
305	395
306	395
307	397
308	395
309	396
310	397
311	397
312	396
313	395
314	397
315	396
316	395
317	396
318	395
319	397
320	397
321	396
322	397
323	397
324	396
325	397
326	395
327	397
328	395
329	395
330	396
331	395
332	395
333	396
334	395
335	396
336	396
337	396
338	395
339	395
340	397
341	395
342	395
343	396
344	395
345	397
346	397
347	396
348	397
349	396
350	395
351	396
352	395
353	395
354	396
355	396
356	395
357	395
358	395
359	396
360	397
361	396
362	395
363	395
364	397
365	395
366	396
367	397
368	396
369	397
370	396
371	396
372	396
373	397
374	396
375	397
376	395
377	396
378	395
379	397
380	395
381	396
382	397
383	397
384	397
385	395
386	396
387	397
388	397
389	396
390	396
391	396
392	396
393	395
394	397
395	396
396	396
397	395
398	396
399	397
400	397
401	395
402	397
403	396
404	396
405	397
406	396
407	396
408	395
409	396
410	395
411	396
412	396
413	396
414	395
415	395
416	397
417	397
418	397
419	397
420	397
421	397
422	397
423	395
424	396
425	397
426	395
427	396
428	396
429	397
430	397
431	395
432	395
433	397
434	395
435	395
436	395
437	397
438	397
439	395
440	396
441	396
442	395
443	396
444	397
445	395
446	395
447	397
448	396
449	396
450	395
451	397
452	395
453	395
454	395
455	397
456	395
457	395
458	395
459	396
460	395
461	395
462	396
463	397
464	395
465	396
466	396
467	397
468	396
469	396
470	397
471	396
472	395
473	395
474	397
475	395
476	395
477	397
478	396
479	397
480	397
481	396
482	395
483	396
484	396
485	397
486	395
487	397
488	397
489	397
490	395
491	397
492	395
493	395
494	396
495	396
496	397
497	397
498	395
499	396
500	396
501	397
502	396
503	396
504	396
505	396
506	395
507	395
508	395
509	395
510	395
511	395
512	396
513	397
514	395
515	397
516	396
517	395
518	395
519	396
520	395
521	396
522	395
523	396
524	395
525	397
526	397
527	396
528	396
529	397
530	396
531	396
532	395
533	397
534	396
535	397
536	395
537	395
538	396
539	397
540	395
541	395
542	395
543	397
544	395
545	396
546	396
547	397
548	395
549	397
550	396
551	395
552	396
553	396
554	395
555	396
556	395
557	395
558	395
559	395
560	395
561	397
562	396
563	395
564	396
565	397
566	397
567	396
568	396
569	396
570	395
571	395
572	395
573	395
574	396
575	397
576	395
577	396
578	397
579	395
580	397
581	395
582	395
583	395
584	397
585	396
586	396
587	397
588	397
589	396
590	395
591	396
592	396
593	397
594	396
595	396
596	395
597	397
598	395
599	396
600	395
601	397
602	396
603	397
604	397
605	396
606	397
607	396
608	395
609	396
610	397
611	395
612	395
613	397
614	396
615	395
616	396
617	397
618	396
619	395
620	395
621	395
622	395
623	397
624	396
625	396
626	395
627	397
628	397
629	396
630	395
631	396
632	396
633	395
634	395
635	396
636	397
637	397
638	397
639	397
640	395
641	396
642	395
643	395
644	395
645	396
646	397
647	396
648	397
649	396
650	396
651	396
652	396
653	395
654	397
655	397
656	396
657	397
658	396
659	397
660	395
661	396
662	395
663	397
664	396
665	397
666	397
667	396
668	396
669	396
670	395
671	395
672	396
673	395
674	396
675	397
676	396
677	395
678	395
679	396
680	396
681	396
682	396
683	395
684	395
685	395
686	395
687	395
688	397
689	396
690	397
691	396
692	395
693	396
694	396
695	396
696	397
697	396
698	397
699	397
700	395
701	397
702	397
703	397
704	396
705	396
706	395
707	396
708	397
709	396
710	395
711	397
712	396
713	395
714	397
715	396
716	397
717	395
718	396
719	396
720	396
721	396
722	395
723	395
724	395
725	397
726	395
727	396
728	397
729	397
730	396
731	395
732	396
733	395
734	395
735	396
736	395
737	395
738	395
739	396
740	396
741	395
742	397
743	397
744	397
745	396
746	397
747	397
748	396
749	395
750	395
751	397
752	395
753	396
754	395
755	397
756	395
757	395
758	397
759	396
760	395
761	397
762	397
763	395
764	397
765	395
766	395
767	395
768	397
769	395
770	395
771	395
772	397
773	396
774	395
775	395
776	397
777	397
778	395
779	395
780	397
781	396
782	395
783	396
784	397
785	395
786	395
787	396
788	397
789	397
790	395
791	395
792	396
793	396
794	395
795	395
796	397
797	395
798	397
799	396
800	396
801	395
802	397
803	396
804	397
805	397
806	396
807	397
808	396
809	396
810	397
811	395
812	396
813	397
814	396
815	396
816	397
817	396
818	395
819	396
820	397
821	395
822	397
823	396
824	395
825	397
826	395
827	395
828	396
829	395
830	395
831	395
832	395
833	396
834	397
835	397
836	396
837	395
838	396
839	395
840	396
841	395
842	396
843	395
844	396
845	396
846	395
847	397
848	396
849	397
850	395
851	397
852	395
853	396
854	396
855	396
856	397
857	396
858	396
859	397
860	396
861	395
862	397
863	397
864	396
865	397
866	397
867	396
868	395
869	396
870	395
871	396
872	397
873	395
874	396
875	396
876	396
877	397
878	397
879	396
880	397
881	397
882	397
883	395
884	396
885	397
886	396
887	395
888	396
889	397
890	397
891	395
892	396
893	396
894	397
895	396
896	395
897	396
898	395
899	397
900	397
901	397
902	395
903	395
904	395
905	395
906	395
907	396
908	396
909	395
910	395
911	395
912	396
913	397
914	396
915	395
916	395
917	395
918	396
919	396
920	395
921	395
922	397
923	395
924	396
925	397
926	397
927	397
928	395
929	395
930	397
931	397
932	395
933	397
934	396
935	397
936	395
937	397
938	397
939	397
940	395
941	395
942	396
943	397
944	396
945	396
946	396
947	395
948	395
949	396
950	397
951	395
952	396
953	397
954	396
955	396
956	396
957	395
958	395
959	396
960	395
961	397
962	397
963	395
964	396
965	395
966	396
967	397
968	395
969	395
970	396
971	395
972	396
973	396
974	396
975	395
976	395
977	396
978	395
979	396
980	397
981	396
982	396
983	397
984	395
985	396
986	395
987	395
988	396
989	397
990	396
991	396
992	396
993	395
994	395
995	395
996	396
997	395
998	397
999	395
1000	396
1001	395
1002	395
1003	396
1004	397
1005	397
1006	395
1007	395
1008	395
1009	395
1010	395
1011	396
1012	395
1013	397
1014	395
1015	397
1016	396
1017	397
1018	395
1019	397
1020	396
1021	396
1022	395
1023	396
1024	395
1025	397
1026	397
1027	397
1028	397
1029	396
1030	397
1031	395
1032	397
1033	397
1034	396
1035	397
1036	396
1037	397
1038	397
1039	397
1040	396
1041	397
1042	396
1043	395
1044	397
1045	395
1046	395
1047	395
1048	396
1049	396
1050	396
1051	396
1052	396
1053	397
1054	397
1055	396
1056	395
1057	395
1058	397
1059	396
1060	395
1061	396
1062	396
1063	396
1064	395
1065	396
1066	396
1067	395
1068	396
1069	395
1070	397
1071	397
1072	397
1073	395
1074	397
1075	397
1076	396
1077	396
1078	396
1079	397
1080	397
1081	396
1082	396
1083	395
1084	395
1085	397
1086	396
1087	396
1088	397
1089	397
1090	397
1091	396
1092	395
1093	396
1094	395
1095	397
1096	396
1097	396
1098	397
1099	397
1100	396
1101	396
1102	395
1103	395
1104	395
1105	396
1106	396
1107	397
1108	396
1109	396
1110	397
1111	395
1112	395
1113	395
1114	397
1115	396
1116	397
1117	397
1118	396
1119	396
1120	396
1121	396
1122	395
1123	397
1124	396
1125	395
1126	396
1127	395
1128	395
1129	395
1130	396
1131	397
1132	395
1133	396
1134	395
1135	396
1136	395
1137	395
1138	397
1139	397
1140	396
1141	396
1142	395
1143	396
1144	396
1145	397
1146	397
1147	395
1148	395
1149	396
1150	395
1151	395
1152	396
1153	395
1154	397
1155	397
1156	396
1157	395
1158	395
1159	397
1160	396
1161	395
1162	396
1163	396
1164	395
1165	397
1166	396
1167	396
1168	396
1169	395
1170	397
1171	396
1172	395
1173	396
1174	397
1175	396
1176	397
1177	396
1178	397
1179	395
1180	396
1181	395
1182	396
1183	395
1184	395
1185	396
1186	397
1187	396
1188	395
1189	397
1190	395
1191	395
1192	397
1193	395
1194	396
1195	395
1196	397
1197	395
1198	395
1199	395
1200	395
1201	395
1202	396
1203	397
1204	397
1205	397
1206	397
1207	395
1208	395
1209	396
1210	396
1211	395
1212	397
1213	395
1214	395
1215	397
1216	397
1217	395
1218	396
1219	396
1220	397
1221	395
1222	395
1223	395
1224	395
1225	395
1226	397
1227	397
1228	397
1229	395
1230	397
1231	395
1232	396
1233	397
1234	397
1235	397
1236	397
1237	395
1238	396
1239	395
1240	395
1241	396
1242	397
1243	397
1244	397
1245	396
1246	396
1247	397
1248	397
1249	397
1250	395
1251	395
1252	395
1253	397
1254	397
1255	395
1256	396
1257	395
1258	397
1259	397
1260	397
1261	397
1262	397
1263	397
1264	397
1265	397
1266	397
1267	395
1268	395
1269	397
1270	395
1271	397
1272	396
1273	396
1274	395
1275	397
1276	396
1277	395
1278	397
1279	396
1280	397
1281	395
1282	396
1283	396
1284	397
1285	397
1286	397
1287	397
1288	396
1289	395
1290	396
1291	396
1292	397
1293	395
1294	397
1295	397
1296	396
1297	395
1298	397
1299	396
1300	396
1301	396
1302	395
1303	397
1304	395
1305	396
1306	397
1307	397
1308	395
1309	397
1310	396
1311	396
1312	396
1313	396
1314	395
1315	397
1316	397
1317	395
1318	396
1319	395
1320	395
1321	397
1322	396
1323	395
1324	397
1325	396
1326	397
1327	397
1328	395
1329	396
1330	395
1331	397
1332	395
1333	395
1334	397
1335	395
1336	396
1337	395
1338	395
1339	396
1340	397
1341	396
1342	396
1343	396
1344	395
1345	395
1346	397
1347	396
1348	397
1349	396
1350	395
1351	397
1352	395
1353	395
1354	397
1355	395
1356	395
1357	397
1358	395
1359	395
1360	396
1361	397
1362	395
1363	395
1364	396
1365	397
1366	395
1367	397
1368	397
1369	395
1370	396
1371	395
1372	396
1373	397
1374	396
1375	395
1376	396
1377	397
1378	395
1379	397
1380	395
1381	395
1382	396
1383	396
1384	395
1385	397
1386	397
1387	395
1388	396
1389	395
1390	395
1391	396
1392	396
1393	397
1394	396
1395	395
1396	396
1397	396
1398	396
1399	396
1400	397
1401	395
1402	395
1403	395
1404	395
1405	397
1406	395
1407	397
1408	395
1409	396
1410	396
1411	395
1412	397
1413	396
1414	397
1415	396
1416	396
1417	397
1418	397
1419	397
1420	397
1421	397
1422	396
1423	397
1424	397
1425	397
1426	395
1427	397
1428	396
1429	395
1430	397
1431	397
1432	395
1433	397
1434	395
1435	395
1436	397
1437	397
1438	396
1439	397
1440	396
1441	395
1442	397
1443	396
1444	397
1445	396
1446	395
1447	395
1448	397
1449	396
1450	395
1451	395
1452	395
1453	396
1454	396
1455	397
1456	397
1457	396
1458	395
1459	395
1460	396
1461	395
1462	395
1463	397
1464	395
1465	395
1466	395
1467	397
1468	396
1469	397
1470	396
1471	395
1472	396
1473	395
1474	397
1475	397
1476	395
1477	397
1478	395
1479	397
1480	397
1481	397
1482	397
1483	396
1484	395
1485	396
1486	395
1487	396
1488	397
1489	395
1490	396
1491	395
1492	397
1493	395
1494	395
1495	397
1496	397
1497	397
1498	396
1499	396
1500	395
1501	397
1502	396
1503	397
1504	397
1505	395
1506	395
1507	397
1508	395
1509	395
1510	396
1511	395
1512	395
1513	395
1514	396
1515	396
1516	395
1517	396
1518	396
1519	396
1520	397
1521	395
1522	397
1523	396
1524	395
1525	397
1526	397
1527	396
1528	396
1529	395
1530	397
1531	397
1532	397
1533	395
1534	397
1535	397
1536	396
1537	397
1538	396
1539	395
1540	395
1541	395
1542	396
1543	397
1544	396
1545	397
1546	396
1547	396
1548	397
1549	397
1550	396
1551	397
1552	397
1553	397
1554	397
1555	396
1556	396
1557	395
1558	395
1559	396
1560	395
1561	397
1562	396
1563	397
1564	395
1565	397
1566	397
1567	396
1568	395
1569	396
1570	396
1571	396
1572	397
1573	396
1574	395
1575	395
1576	396
1577	395
1578	396
1579	397
1580	395
1581	396
1582	396
1583	396
1584	395
1585	396
1586	397
1587	397
1588	395
1589	396
1590	397
1591	397
1592	395
1593	397
1594	396
1595	397
1596	397
1597	396
1598	397
1599	395
1600	397
1601	396
1602	397
1603	397
1604	395
1605	395
1606	395
1607	396
1608	397
1609	395
1610	395
1611	395
1612	397
1613	397
1614	397
1615	396
1616	395
1617	397
1618	397
1619	395
1620	395
1621	395
1622	396
1623	396
1624	396
1625	395
1626	396
1627	397
1628	397
1629	396
1630	395
1631	397
1632	395
1633	397
1634	395
1635	395
1636	396
1637	396
1638	395
1639	396
1640	396
1641	396
1642	395
1643	395
1644	395
1645	396
1646	396
1647	395
1648	397
1649	396
1650	397
1651	396
1652	395
1653	397
1654	396
1655	397
1656	395
1657	397
1658	395
1659	397
1660	395
1661	395
1662	395
1663	395
1664	395
1665	395
1666	396
1667	397
1668	397
1669	395
1670	395
1671	396
1672	396
1673	396
1674	397
1675	396
1676	397
1677	397
1678	397
1679	395
1680	396
1681	396
1682	397
1683	395
1684	397
1685	395
1686	396
1687	395
1688	396
1689	395
1690	395
1691	395
1692	396
1693	397
1694	397
1695	396
1696	396
1697	395
1698	397
1699	397
1700	396
1701	395
1702	397
1703	396
1704	396
1705	396
1706	397
1707	395
1708	395
1709	395
1710	396
1711	396
1712	397
1713	395
1714	397
1715	395
1716	397
1717	396
1718	395
1719	397
1720	395
1721	395
1722	396
1723	397
1724	396
1725	397
1726	396
1727	396
1728	395
1729	396
1730	397
1731	396
1732	396
1733	396
1734	397
1735	396
1736	396
1737	397
1738	396
1739	397
1740	395
1741	396
1742	396
1743	395
1744	397
1745	395
1746	396
1747	396
1748	395
1749	397
1750	396
1751	397
1752	395
1753	395
1754	396
1755	396
1756	396
1757	395
1758	397
1759	397
1760	395
1761	397
1762	397
1763	397
1764	396
1765	395
1766	397
1767	396
1768	397
1769	395
1770	396
1771	395
1772	395
1773	397
1774	397
1775	397
1776	395
1777	395
1778	396
1779	397
1780	395
1781	396
1782	396
1783	396
1784	396
1785	395
1786	397
1787	397
1788	397
1789	396
1790	397
1791	395
1792	396
1793	397
1794	395
1795	397
1796	396
1797	395
1798	397
1799	396
1800	397
1801	396
1802	396
1803	396
1804	395
1805	395
1806	396
1807	396
1808	395
1809	397
1810	397
1811	397
1812	395
1813	396
1814	396
1815	396
1816	395
1817	395
1818	396
1819	395
1820	396
1821	397
1822	396
1823	395
1824	395
1825	396
1826	397
1827	395
1828	396
1829	395
1830	396
1831	397
1832	395
1833	397
1834	395
1835	396
1836	397
1837	395
1838	397
1839	397
1840	396
1841	396
1842	396
1843	396
1844	397
1845	396
1846	395
1847	397
1848	396
1849	397
1850	396
1851	395
1852	396
1853	395
1854	397
1855	397
1856	396
1857	397
1858	395
1859	397
1860	396
1861	396
1862	395
1863	396
1864	395
1865	397
1866	395
1867	397
1868	396
1869	395
1870	396
1871	395
1872	397
1873	396
1874	396
1875	397
1876	396
1877	396
1878	397
1879	396
1880	395
1881	395
1882	396
1883	395
1884	395
1885	395
1886	395
1887	395
1888	396
1889	395
1890	395
1891	396
1892	397
1893	397
1894	397
1895	396
1896	397
1897	395
1898	395
1899	397
1900	395
1901	396
1902	397
1903	396
1904	396
1905	397
1906	395
1907	396
1908	396
1909	397
1910	396
1911	396
1912	396
1913	397
1914	397
1915	396
1916	396
1917	397
1918	395
1919	395
1920	395
1921	395
1922	395
1923	397
1924	397
1925	395
1926	397
1927	396
1928	395
1929	396
1930	396
1931	395
1932	397
1933	397
1934	395
1935	396
1936	396
1937	395
1938	395
1939	396
1940	395
1941	395
1942	396
1943	395
1944	396
1945	396
1946	395
1947	396
1948	396
1949	397
1950	396
1951	395
1952	397
1953	397
1954	395
1955	396
1956	397
1957	396
1958	397
1959	395
1960	395
1961	395
1962	396
1963	397
1964	396
1965	396
1966	396
1967	396
1968	395
1969	396
1970	396
1971	395
1972	397
1973	397
1974	397
1975	395
1976	395
1977	396
1978	396
1979	396
1980	395
1981	395
1982	397
1983	397
1984	396
1985	396
1986	396
1987	396
1988	395
1989	396
1990	395
1991	395
1992	397
1993	397
1994	397
1995	397
1996	395
1997	396
1998	396
1999	396
2000	395
2001	395
2002	395
2003	396
2004	397
2005	396
2006	396
2007	396
2008	396
2009	396
2010	395
2011	395
2012	397
2013	395
2014	397
2015	396
2016	396
2017	396
2018	396
2019	395
2020	396
2021	395
2022	396
2023	396
2024	395
2025	397
2026	396
2027	395
2028	396
2029	397
2030	395
2031	396
2032	396
2033	397
2034	395
2035	397
2036	396
2037	395
2038	397
2039	395
2040	397
2041	395
2042	396
2043	396
2044	395
2045	397
2046	397
2047	397
2048	397
2049	395
2050	395
2051	397
2052	396
2053	396
2054	396
2055	396
2056	395
2057	397
2058	397
2059	396
2060	396
2061	397
2062	397
2063	395
2064	395
2065	396
2066	395
2067	395
2068	397
2069	396
2070	395
2071	397
2072	395
2073	395
2074	397
2075	395
2076	397
2077	396
2078	397
2079	397
2080	397
2081	396
2082	397
2083	395
2084	396
2085	396
2086	397
2087	397
2088	395
2089	397
2090	396
2091	396
2092	397
2093	395
2094	396
2095	396
2096	396
2097	395
2098	395
2099	397
2100	395
2101	397
2102	395
2103	395
2104	395
2105	397
2106	397
2107	396
2108	396
2109	396
2110	397
2111	395
2112	396
2113	396
2114	395
2115	395
2116	395
2117	397
2118	397
2119	397
2120	397
2121	396
2122	397
2123	397
2124	395
2125	396
2126	395
2127	397
2128	397
2129	395
2130	396
2131	397
2132	395
2133	396
2134	395
2135	397
2136	396
2137	396
2138	397
2139	395
2140	397
2141	395
2142	395
2143	396
2144	395
2145	397
2146	397
2147	396
2148	395
2149	397
2150	395
2151	396
2152	396
2153	397
2154	397
2155	397
2156	396
2157	395
2158	397
2159	395
2160	395
2161	396
2162	396
2163	395
2164	395
2165	396
2166	395
2167	396
2168	395
2169	397
2170	397
2171	395
2172	397
2173	396
2174	395
2175	396
2176	395
2177	395
2178	397
2179	396
2180	395
2181	395
2182	395
2183	395
2184	397
2185	396
2186	396
2187	395
2188	396
2189	397
2190	396
2191	396
2192	397
2193	397
2194	396
2195	395
2196	396
2197	397
2198	396
2199	397
2200	397
2201	396
2202	396
2203	396
2204	396
2205	396
2206	396
2207	395
2208	396
2209	396
2210	395
2211	395
2212	395
2213	397
2214	396
2215	395
2216	395
2217	396
2218	395
2219	396
2220	397
2221	395
2222	395
2223	395
2224	396
2225	395
2226	397
2227	395
2228	395
2229	396
2230	396
2231	395
2232	396
2233	396
2234	397
2235	396
2236	396
2237	397
2238	395
2239	396
2240	397
2241	397
2242	395
2243	397
2244	397
2245	396
2246	396
2247	396
2248	397
2249	395
2250	396
2251	396
2252	395
2253	396
2254	396
2255	396
2256	397
2257	397
2258	397
2259	396
2260	396
2261	397
2262	396
2263	397
2264	397
2265	397
2266	395
2267	397
2268	397
2269	397
2270	397
2271	397
2272	396
2273	397
2274	397
2275	395
2276	397
2277	396
2278	397
2279	396
2280	395
2281	395
2282	395
2283	395
2284	396
2285	396
2286	395
2287	397
2288	395
2289	395
2290	397
2291	396
2292	397
2293	396
2294	396
2295	395
2296	397
2297	395
2298	395
2299	395
2300	397
2301	396
2302	396
2303	397
2304	396
2305	397
2306	397
2307	396
2308	395
2309	397
2310	395
2311	396
2312	397
2313	395
2314	395
2315	395
2316	395
2317	397
2318	396
2319	396
2320	397
2321	397
2322	395
2323	396
2324	396
2325	395
2326	397
2327	396
2328	395
2329	396
2330	396
2331	395
2332	396
2333	397
2334	396
2335	395
2336	397
2337	396
2338	396
2339	396
2340	396
2341	396
2342	396
2343	395
2344	396
2345	397
2346	395
2347	395
2348	395
2349	395
2350	395
2351	395
2352	396
2353	395
2354	395
2355	395
2356	395
2357	395
2358	397
2359	397
2360	397
2361	397
2362	397
2363	397
2364	397
2365	396
2366	397
2367	395
2368	397
2369	397
2370	395
2371	395
2372	397
2373	395
2374	396
2375	396
2376	395
2377	396
2378	397
2379	396
2380	396
2381	397
2382	395
2383	395
2384	395
2385	396
2386	395
2387	397
2388	395
2389	395
2390	396
2391	395
2392	397
2393	395
2394	397
2395	395
2396	397
2397	395
2398	395
2399	397
2400	397
2401	396
2402	397
2403	397
2404	396
2405	395
2406	397
2407	395
2408	397
2409	397
2410	397
2411	396
2412	395
2413	395
2414	396
2415	397
2416	395
2417	397
2418	397
2419	395
2420	396
2421	397
2422	396
2423	396
2424	396
2425	395
2426	396
2427	397
2428	395
2429	397
2430	397
2431	397
2432	395
2433	395
2434	395
2435	397
2436	397
2437	397
2438	396
2439	396
2440	396
2441	397
2442	397
2443	395
2444	395
2445	397
2446	397
2447	397
2448	397
2449	395
2450	395
2451	396
2452	396
2453	395
2454	395
2455	397
2456	397
2457	396
2458	395
2459	395
2460	396
2461	397
2462	397
2463	396
2464	395
2465	397
2466	397
2467	395
2468	395
2469	396
2470	397
2471	396
2472	397
2473	395
2474	396
2475	395
2476	395
2477	395
2478	396
2479	397
2480	396
2481	395
2482	395
2483	397
2484	395
2485	396
2486	397
2487	396
2488	396
2489	397
2490	395
2491	396
2492	396
2493	396
2494	395
2495	396
2496	395
2497	397
2498	397
2499	397
2500	396
2501	395
2502	396
2503	397
2504	397
2505	397
2506	395
2507	397
2508	397
2509	395
2510	396
2511	395
2512	396
2513	397
2514	397
2515	397
2516	396
2517	397
2518	395
2519	395
2520	397
2521	397
2522	395
2523	396
2524	395
2525	395
2526	395
2527	396
2528	396
2529	395
2530	396
2531	395
2532	396
2533	396
2534	397
2535	395
2536	395
2537	396
2538	395
2539	395
2540	396
2541	396
2542	397
2543	397
2544	397
2545	396
2546	395
2547	395
2548	397
2549	395
2550	397
2551	396
2552	397
2553	397
2554	397
2555	396
2556	397
2557	396
2558	396
2559	396
2560	396
2561	395
2562	395
2563	395
2564	397
2565	395
2566	395
2567	396
2568	397
2569	397
2570	396
2571	396
2572	396
2573	397
2574	395
2575	397
2576	396
2577	397
2578	396
2579	396
2580	395
2581	396
2582	397
2583	395
2584	396
2585	396
2586	396
2587	395
2588	395
2589	397
2590	395
2591	395
2592	397
2593	395
2594	396
2595	395
2596	396
2597	395
2598	396
2599	396
2600	397
2601	395
2602	397
2603	396
2604	395
2605	397
2606	397
2607	395
2608	396
2609	395
2610	396
2611	397
2612	396
2613	395
2614	397
2615	397
2616	396
2617	395
2618	396
2619	395
2620	395
2621	395
2622	395
2623	397
2624	397
2625	395
2626	395
2627	395
2628	396
2629	397
2630	395
2631	396
2632	395
2633	395
2634	396
2635	396
2636	395
2637	397
2638	395
2639	396
2640	395
2641	397
2642	397
2643	397
2644	395
2645	396
2646	397
2647	396
2648	397
2649	397
2650	396
2651	395
2652	395
2653	395
2654	395
2655	396
2656	395
2657	397
2658	395
2659	395
2660	396
2661	395
2662	397
2663	395
2664	395
2665	395
2666	397
2667	397
2668	396
2669	396
2670	397
2671	396
2672	395
2673	395
2674	397
2675	396
2676	395
2677	396
2678	396
2679	397
2680	396
2681	395
2682	395
2683	395
2684	397
2685	395
2686	395
2687	397
2688	395
2689	395
2690	395
2691	396
2692	397
2693	395
2694	396
2695	397
2696	395
2697	396
2698	395
2699	396
2700	395
2701	396
2702	396
2703	396
2704	395
2705	396
2706	395
2707	395
2708	395
2709	395
2710	396
2711	396
2712	397
2713	396
2714	396
2715	395
2716	395
2717	395
2718	397
2719	397
2720	395
2721	396
2722	397
2723	397
2724	397
2725	397
2726	397
2727	396
2728	396
2729	396
2730	396
2731	397
2732	396
2733	397
2734	396
2735	397
2736	396
2737	397
2738	396
2739	397
2740	397
2741	395
2742	395
2743	395
2744	396
2745	396
2746	395
2747	396
2748	397
2749	396
2750	397
2751	396
2752	395
2753	395
2754	396
2755	397
2756	395
2757	396
2758	395
2759	397
2760	395
2761	395
2762	397
2763	395
2764	397
2765	395
2766	395
2767	395
2768	397
2769	395
2770	397
2771	396
2772	396
2773	395
2774	396
2775	396
2776	397
2777	397
2778	396
2779	396
2780	395
2781	397
2782	395
2783	396
2784	395
2785	396
2786	397
2787	395
2788	396
2789	395
2790	397
2791	395
2792	396
2793	396
2794	397
2795	395
2796	396
2797	396
2798	395
2799	396
2800	397
2801	395
2802	396
2803	397
2804	395
2805	396
2806	397
2807	396
2808	396
2809	395
2810	397
2811	395
2812	397
2813	395
2814	396
2815	397
2816	397
2817	396
2818	395
2819	395
2820	397
2821	396
2822	395
2823	397
2824	397
2825	397
2826	396
2827	395
2828	395
2829	395
2830	397
2831	395
2832	395
2833	395
2834	395
2835	395
2836	397
2837	396
2838	397
2839	395
2840	396
2841	397
2842	397
2843	396
2844	396
2845	397
2846	395
2847	396
2848	396
2849	397
2850	395
2851	397
2852	396
2853	396
2854	396
2855	397
2856	395
2857	395
2858	396
2859	397
2860	396
2861	395
2862	396
2863	396
2864	397
2865	395
2866	395
2867	395
2868	396
2869	396
2870	395
2871	395
2872	397
2873	395
2874	396
2875	395
2876	396
2877	395
2878	397
2879	396
2880	397
2881	395
2882	397
2883	397
2884	395
2885	397
2886	397
2887	396
2888	397
2889	397
2890	396
2891	395
2892	395
2893	395
2894	395
2895	395
2896	397
2897	397
2898	396
2899	397
2900	397
2901	396
2902	395
2903	395
2904	397
2905	397
2906	396
2907	396
2908	397
2909	397
2910	396
2911	397
2912	395
2913	396
2914	396
2915	395
2916	395
2917	395
2918	397
2919	395
2920	395
2921	397
2922	396
2923	397
2924	395
2925	397
2926	397
2927	395
2928	395
2929	397
2930	396
2931	396
2932	395
2933	395
2934	396
2935	396
2936	396
2937	396
2938	396
2939	397
2940	397
2941	397
2942	396
2943	397
2944	397
2945	397
2946	395
2947	397
2948	395
2949	397
2950	396
2951	395
2952	395
2953	397
2954	395
2955	395
2956	397
2957	395
2958	395
2959	395
2960	397
2961	395
2962	397
2963	397
2964	396
2965	397
2966	395
2967	396
2968	397
2969	395
2970	395
2971	395
2972	395
2973	396
2974	395
2975	397
2976	395
2977	396
2978	395
2979	395
2980	396
2981	396
2982	396
2983	396
2984	395
2985	397
2986	396
2987	397
2988	395
2989	396
2990	397
2991	396
2992	397
2993	395
2994	395
2995	397
2996	396
2997	395
2998	396
2999	395
3000	395
101	529
102	531
103	530
104	531
105	530
106	530
107	529
108	530
109	531
110	530
111	530
112	530
113	531
114	531
115	530
116	529
117	529
118	530
119	529
120	530
121	529
122	530
123	529
124	530
125	531
126	529
127	529
128	531
129	530
130	529
131	529
132	530
133	529
134	529
135	530
136	529
137	531
138	530
139	529
140	531
141	530
142	530
143	531
144	530
145	531
146	531
147	531
148	531
149	529
150	529
151	530
152	530
153	529
154	531
155	530
156	531
157	529
158	529
159	531
160	531
161	529
162	531
163	530
164	530
165	530
166	531
167	529
168	531
169	530
170	531
171	530
172	531
173	530
174	531
175	531
176	531
177	531
178	531
179	531
180	529
181	530
182	531
183	531
184	529
185	529
186	529
187	531
188	531
189	531
190	531
191	530
192	530
193	529
194	529
195	530
196	529
197	531
198	530
199	531
200	529
201	531
202	529
203	531
204	529
205	529
206	529
207	530
208	530
209	530
210	530
211	530
212	529
213	531
214	529
215	530
216	531
217	529
218	531
219	531
220	531
221	530
222	531
223	529
224	530
225	530
226	529
227	531
228	529
229	531
230	530
231	530
232	530
233	531
234	530
235	530
236	529
237	530
238	530
239	529
240	529
241	529
242	531
243	529
244	529
245	530
246	531
247	529
248	529
249	529
250	530
251	531
252	530
253	529
254	531
255	530
256	529
257	529
258	529
259	529
260	529
261	531
262	529
263	529
264	531
265	531
266	531
267	530
268	529
269	531
270	529
271	531
272	531
273	529
274	529
275	530
276	531
277	531
278	530
279	531
280	529
281	529
282	531
283	530
284	530
285	531
286	530
287	531
288	531
289	529
290	529
291	531
292	530
293	531
294	529
295	531
296	530
297	529
298	530
299	529
300	530
301	531
302	530
303	530
304	531
305	531
306	530
307	529
308	531
309	529
310	529
311	530
312	529
313	530
314	529
315	530
316	530
317	531
318	529
319	530
320	531
321	530
322	529
323	530
324	529
325	529
326	529
327	531
328	530
329	529
330	529
331	531
332	531
333	529
334	530
335	531
336	531
337	530
338	530
339	529
340	531
341	531
342	530
343	531
344	530
345	529
346	530
347	529
348	531
349	529
350	530
351	531
352	531
353	529
354	531
355	531
356	530
357	530
358	529
359	529
360	531
361	530
362	530
363	530
364	529
365	530
366	530
367	530
368	531
369	529
370	529
371	529
372	529
373	530
374	531
375	529
376	530
377	531
378	531
379	531
380	531
381	529
382	531
383	531
384	529
385	530
386	531
387	531
388	530
389	529
390	529
391	530
392	529
393	531
394	529
395	529
396	529
397	531
398	529
399	530
400	531
401	530
402	529
403	531
404	530
405	530
406	529
407	530
408	529
409	530
410	530
411	530
412	531
413	529
414	530
415	530
416	530
417	531
418	531
419	529
420	529
421	531
422	529
423	529
424	531
425	529
426	531
427	529
428	530
429	531
430	529
431	529
432	531
433	529
434	531
435	531
436	529
437	531
438	529
439	531
440	531
441	530
442	531
443	529
444	530
445	529
446	529
447	531
448	531
449	530
450	529
451	530
452	530
453	531
454	530
455	530
456	529
457	530
458	529
459	531
460	530
461	530
462	529
463	530
464	529
465	529
466	531
467	529
468	529
469	530
470	531
471	530
472	529
473	529
474	529
475	531
476	530
477	529
478	529
479	530
480	529
481	530
482	531
483	531
484	530
485	529
486	529
487	529
488	530
489	531
490	529
491	530
492	530
493	530
494	529
495	529
496	530
497	529
498	530
499	529
500	531
501	531
502	529
503	531
504	530
505	531
506	531
507	529
508	531
509	531
510	530
511	530
512	529
513	529
514	531
515	529
516	530
517	529
518	529
519	529
520	531
521	530
522	531
523	530
524	531
525	530
526	529
527	530
528	529
529	530
530	529
531	531
532	531
533	529
534	531
535	530
536	530
537	530
538	531
539	529
540	530
541	529
542	529
543	531
544	531
545	531
546	529
547	530
548	530
549	531
550	529
551	530
552	529
553	531
554	529
555	529
556	531
557	531
558	531
559	530
560	531
561	529
562	530
563	531
564	529
565	530
566	529
567	531
568	530
569	530
570	529
571	530
572	531
573	530
574	529
575	531
576	530
577	529
578	529
579	530
580	531
581	530
582	530
583	530
584	529
585	529
586	531
587	530
588	531
589	530
590	529
591	531
592	529
593	529
594	531
595	531
596	530
597	529
598	531
599	529
600	530
601	531
602	529
603	531
604	531
605	530
606	531
607	531
608	529
609	531
610	530
611	531
612	531
613	531
614	531
615	530
616	531
617	531
618	529
619	531
620	529
621	530
622	529
623	530
624	530
625	530
626	531
627	529
628	531
629	530
630	529
631	531
632	530
633	531
634	531
635	531
636	531
637	530
638	529
639	530
640	531
641	529
642	529
643	531
644	531
645	529
646	530
647	529
648	530
649	531
650	529
651	529
652	529
653	531
654	531
655	529
656	531
657	529
658	530
659	529
660	531
661	531
662	531
663	530
664	531
665	529
666	531
667	530
668	530
669	529
670	529
671	530
672	530
673	531
674	531
675	530
676	530
677	529
678	529
679	529
680	530
681	529
682	529
683	530
684	529
685	531
686	530
687	530
688	530
689	531
690	531
691	529
692	531
693	529
694	529
695	529
696	531
697	529
698	530
699	531
700	531
701	531
702	530
703	529
704	531
705	530
706	530
707	530
708	530
709	531
710	530
711	529
712	530
713	530
714	531
715	531
716	529
717	531
718	530
719	530
720	529
721	531
722	530
723	530
724	531
725	531
726	529
727	529
728	531
729	531
730	529
731	530
732	530
733	530
734	531
735	530
736	529
737	531
738	530
739	531
740	529
741	531
742	529
743	529
744	531
745	529
746	529
747	529
748	531
749	531
750	530
751	530
752	529
753	531
754	531
755	531
756	529
757	530
758	529
759	530
760	530
761	530
762	530
763	531
764	531
765	529
766	529
767	530
768	529
769	529
770	531
771	529
772	529
773	531
774	531
775	531
776	529
777	531
778	529
779	530
780	531
781	530
782	529
783	530
784	529
785	530
786	531
787	530
788	529
789	529
790	531
791	531
792	531
793	531
794	531
795	531
796	529
797	531
798	530
799	530
800	529
801	531
802	530
803	529
804	531
805	531
806	530
807	529
808	531
809	529
810	529
811	529
812	531
813	529
814	531
815	530
816	529
817	530
818	530
819	529
820	531
821	530
822	531
823	530
824	531
825	531
826	529
827	530
828	531
829	530
830	531
831	529
832	531
833	530
834	531
835	529
836	530
837	531
838	529
839	531
840	531
841	531
842	529
843	530
844	530
845	531
846	530
847	529
848	531
849	530
850	529
851	530
852	529
853	530
854	529
855	530
856	530
857	531
858	530
859	529
860	531
861	529
862	531
863	530
864	529
865	530
866	531
867	531
868	530
869	531
870	531
871	529
872	531
873	529
874	531
875	530
876	529
877	531
878	529
879	529
880	530
881	529
882	529
883	529
884	531
885	530
886	529
887	529
888	530
889	529
890	530
891	531
892	530
893	531
894	531
895	529
896	531
897	529
898	529
899	530
900	531
901	531
902	529
903	530
904	529
905	530
906	531
907	531
908	531
909	531
910	529
911	531
912	531
913	530
914	531
915	530
916	531
917	529
918	530
919	530
920	530
921	530
922	531
923	530
924	529
925	529
926	531
927	531
928	530
929	529
930	530
931	530
932	530
933	531
934	531
935	530
936	531
937	531
938	529
939	531
940	529
941	529
942	529
943	529
944	530
945	530
946	530
947	529
948	529
949	531
950	531
951	530
952	530
953	530
954	531
955	529
956	531
957	530
958	531
959	530
960	530
961	529
962	530
963	531
964	530
965	530
966	530
967	529
968	530
969	531
970	529
971	531
972	530
973	530
974	531
975	531
976	529
977	530
978	531
979	531
980	531
981	530
982	531
983	530
984	529
985	531
986	529
987	531
988	531
989	529
990	530
991	531
992	530
993	530
994	531
995	529
996	529
997	531
998	531
999	529
1000	529
1001	531
1002	529
1003	531
1004	529
1005	530
1006	529
1007	529
1008	530
1009	530
1010	530
1011	531
1012	530
1013	530
1014	529
1015	529
1016	529
1017	530
1018	530
1019	530
1020	529
1021	529
1022	530
1023	531
1024	531
1025	529
1026	530
1027	530
1028	531
1029	531
1030	530
1031	529
1032	530
1033	531
1034	531
1035	529
1036	529
1037	530
1038	529
1039	529
1040	531
1041	529
1042	531
1043	530
1044	530
1045	531
1046	529
1047	530
1048	530
1049	529
1050	530
1051	530
1052	529
1053	530
1054	529
1055	530
1056	531
1057	531
1058	530
1059	530
1060	531
1061	531
1062	531
1063	531
1064	529
1065	529
1066	530
1067	530
1068	531
1069	529
1070	530
1071	530
1072	530
1073	530
1074	530
1075	530
1076	530
1077	530
1078	531
1079	531
1080	531
1081	530
1082	529
1083	531
1084	531
1085	529
1086	530
1087	529
1088	531
1089	529
1090	530
1091	530
1092	529
1093	529
1094	531
1095	530
1096	531
1097	530
1098	531
1099	529
1100	531
1101	529
1102	530
1103	530
1104	530
1105	531
1106	530
1107	531
1108	531
1109	529
1110	531
1111	530
1112	530
1113	531
1114	529
1115	529
1116	531
1117	529
1118	530
1119	531
1120	531
1121	531
1122	529
1123	529
1124	531
1125	531
1126	531
1127	529
1128	530
1129	531
1130	529
1131	530
1132	529
1133	529
1134	531
1135	529
1136	531
1137	531
1138	529
1139	531
1140	529
1141	529
1142	530
1143	529
1144	530
1145	530
1146	531
1147	531
1148	529
1149	529
1150	531
1151	531
1152	530
1153	531
1154	529
1155	529
1156	531
1157	529
1158	529
1159	529
1160	529
1161	529
1162	529
1163	531
1164	530
1165	531
1166	531
1167	531
1168	529
1169	530
1170	529
1171	531
1172	530
1173	530
1174	531
1175	529
1176	529
1177	530
1178	529
1179	530
1180	531
1181	529
1182	529
1183	531
1184	531
1185	529
1186	530
1187	529
1188	531
1189	530
1190	529
1191	530
1192	531
1193	529
1194	529
1195	530
1196	531
1197	529
1198	530
1199	530
1200	531
1201	530
1202	530
1203	529
1204	529
1205	530
1206	530
1207	530
1208	530
1209	531
1210	529
1211	531
1212	531
1213	530
1214	529
1215	530
1216	529
1217	531
1218	530
1219	530
1220	530
1221	530
1222	531
1223	531
1224	530
1225	530
1226	530
1227	531
1228	531
1229	531
1230	530
1231	531
1232	530
1233	531
1234	530
1235	531
1236	529
1237	531
1238	530
1239	531
1240	530
1241	531
1242	531
1243	529
1244	531
1245	531
1246	530
1247	530
1248	530
1249	531
1250	531
1251	529
1252	531
1253	530
1254	530
1255	529
1256	531
1257	530
1258	531
1259	529
1260	529
1261	530
1262	529
1263	529
1264	531
1265	531
1266	531
1267	531
1268	531
1269	530
1270	530
1271	530
1272	530
1273	531
1274	530
1275	529
1276	530
1277	529
1278	531
1279	531
1280	530
1281	531
1282	529
1283	531
1284	531
1285	530
1286	530
1287	531
1288	531
1289	529
1290	529
1291	530
1292	531
1293	531
1294	529
1295	531
1296	529
1297	529
1298	529
1299	529
1300	530
1301	530
1302	530
1303	529
1304	529
1305	531
1306	529
1307	531
1308	529
1309	530
1310	529
1311	529
1312	529
1313	531
1314	530
1315	530
1316	530
1317	529
1318	529
1319	529
1320	529
1321	529
1322	531
1323	530
1324	529
1325	530
1326	529
1327	530
1328	529
1329	529
1330	529
1331	530
1332	530
1333	529
1334	530
1335	530
1336	529
1337	529
1338	529
1339	529
1340	531
1341	530
1342	529
1343	530
1344	529
1345	531
1346	531
1347	531
1348	530
1349	531
1350	529
1351	531
1352	530
1353	531
1354	529
1355	531
1356	529
1357	530
1358	530
1359	530
1360	529
1361	531
1362	529
1363	531
1364	529
1365	531
1366	529
1367	530
1368	531
1369	531
1370	530
1371	530
1372	530
1373	531
1374	531
1375	531
1376	529
1377	531
1378	529
1379	531
1380	529
1381	529
1382	530
1383	530
1384	529
1385	531
1386	531
1387	529
1388	530
1389	529
1390	529
1391	529
1392	529
1393	531
1394	530
1395	530
1396	529
1397	530
1398	529
1399	529
1400	530
1401	531
1402	529
1403	529
1404	529
1405	531
1406	530
1407	530
1408	529
1409	530
1410	529
1411	531
1412	531
1413	531
1414	531
1415	530
1416	529
1417	529
1418	530
1419	529
1420	529
1421	529
1422	531
1423	529
1424	531
1425	530
1426	529
1427	530
1428	529
1429	531
1430	529
1431	530
1432	529
1433	530
1434	529
1435	530
1436	531
1437	531
1438	529
1439	531
1440	531
1441	529
1442	530
1443	531
1444	531
1445	529
1446	530
1447	530
1448	529
1449	531
1450	531
1451	529
1452	531
1453	529
1454	531
1455	529
1456	531
1457	529
1458	530
1459	531
1460	531
1461	531
1462	531
1463	529
1464	529
1465	531
1466	529
1467	529
1468	530
1469	529
1470	530
1471	531
1472	529
1473	530
1474	529
1475	530
1476	531
1477	529
1478	529
1479	529
1480	531
1481	531
1482	529
1483	529
1484	530
1485	531
1486	530
1487	529
1488	529
1489	531
1490	530
1491	529
1492	529
1493	529
1494	529
1495	530
1496	529
1497	531
1498	529
1499	530
1500	531
1501	529
1502	531
1503	531
1504	530
1505	531
1506	531
1507	531
1508	530
1509	531
1510	529
1511	531
1512	529
1513	529
1514	529
1515	531
1516	530
1517	530
1518	529
1519	530
1520	531
1521	529
1522	530
1523	529
1524	530
1525	531
1526	531
1527	530
1528	530
1529	531
1530	531
1531	529
1532	531
1533	530
1534	529
1535	530
1536	529
1537	529
1538	529
1539	529
1540	529
1541	529
1542	530
1543	531
1544	531
1545	529
1546	529
1547	531
1548	530
1549	531
1550	531
1551	530
1552	530
1553	529
1554	530
1555	531
1556	530
1557	529
1558	531
1559	530
1560	529
1561	530
1562	531
1563	530
1564	529
1565	529
1566	529
1567	530
1568	531
1569	531
1570	531
1571	530
1572	529
1573	529
1574	531
1575	530
1576	529
1577	530
1578	531
1579	530
1580	529
1581	529
1582	531
1583	531
1584	529
1585	529
1586	530
1587	531
1588	530
1589	529
1590	529
1591	531
1592	529
1593	531
1594	530
1595	529
1596	530
1597	531
1598	531
1599	530
1600	529
1601	531
1602	530
1603	531
1604	530
1605	530
1606	529
1607	531
1608	531
1609	529
1610	531
1611	531
1612	530
1613	530
1614	530
1615	531
1616	530
1617	530
1618	529
1619	531
1620	530
1621	530
1622	529
1623	529
1624	530
1625	530
1626	529
1627	530
1628	530
1629	530
1630	531
1631	529
1632	530
1633	529
1634	529
1635	529
1636	530
1637	529
1638	530
1639	530
1640	530
1641	530
1642	530
1643	530
1644	530
1645	530
1646	531
1647	529
1648	530
1649	529
1650	529
1651	529
1652	531
1653	531
1654	530
1655	530
1656	529
1657	530
1658	530
1659	531
1660	530
1661	530
1662	530
1663	531
1664	530
1665	529
1666	531
1667	529
1668	531
1669	531
1670	529
1671	531
1672	530
1673	531
1674	529
1675	529
1676	531
1677	529
1678	530
1679	530
1680	529
1681	529
1682	529
1683	529
1684	529
1685	531
1686	529
1687	529
1688	529
1689	530
1690	530
1691	529
1692	529
1693	529
1694	531
1695	531
1696	530
1697	530
1698	531
1699	529
1700	531
1701	529
1702	531
1703	530
1704	530
1705	531
1706	530
1707	531
1708	529
1709	530
1710	529
1711	530
1712	529
1713	529
1714	529
1715	531
1716	531
1717	531
1718	531
1719	529
1720	531
1721	530
1722	530
1723	529
1724	529
1725	531
1726	531
1727	529
1728	531
1729	530
1730	531
1731	529
1732	531
1733	529
1734	529
1735	530
1736	530
1737	530
1738	530
1739	531
1740	529
1741	530
1742	530
1743	531
1744	530
1745	529
1746	531
1747	529
1748	531
1749	529
1750	529
1751	531
1752	529
1753	530
1754	529
1755	529
1756	531
1757	530
1758	529
1759	531
1760	529
1761	530
1762	531
1763	531
1764	530
1765	530
1766	530
1767	530
1768	529
1769	530
1770	530
1771	529
1772	530
1773	529
1774	529
1775	530
1776	530
1777	529
1778	531
1779	529
1780	529
1781	530
1782	530
1783	530
1784	529
1785	529
1786	530
1787	529
1788	531
1789	529
1790	531
1791	530
1792	529
1793	529
1794	529
1795	530
1796	531
1797	529
1798	530
1799	529
1800	529
1801	530
1802	529
1803	530
1804	530
1805	531
1806	530
1807	531
1808	531
1809	529
1810	531
1811	531
1812	531
1813	531
1814	531
1815	529
1816	531
1817	529
1818	530
1819	529
1820	531
1821	530
1822	531
1823	529
1824	531
1825	531
1826	531
1827	529
1828	531
1829	530
1830	529
1831	531
1832	530
1833	530
1834	530
1835	529
1836	529
1837	530
1838	531
1839	529
1840	530
1841	531
1842	529
1843	530
1844	531
1845	530
1846	531
1847	530
1848	531
1849	531
1850	531
1851	531
1852	531
1853	529
1854	531
1855	530
1856	529
1857	531
1858	530
1859	530
1860	530
1861	531
1862	529
1863	530
1864	529
1865	530
1866	529
1867	531
1868	530
1869	529
1870	531
1871	529
1872	530
1873	531
1874	529
1875	531
1876	531
1877	529
1878	529
1879	531
1880	530
1881	530
1882	531
1883	531
1884	530
1885	531
1886	530
1887	531
1888	530
1889	530
1890	531
1891	531
1892	529
1893	529
1894	529
1895	530
1896	530
1897	529
1898	531
1899	529
1900	531
1901	530
1902	531
1903	529
1904	529
1905	530
1906	529
1907	530
1908	529
1909	530
1910	530
1911	530
1912	529
1913	530
1914	531
1915	531
1916	531
1917	531
1918	529
1919	529
1920	531
1921	530
1922	529
1923	530
1924	530
1925	530
1926	530
1927	530
1928	530
1929	529
1930	530
1931	531
1932	531
1933	529
1934	529
1935	530
1936	531
1937	529
1938	529
1939	531
1940	530
1941	530
1942	529
1943	530
1944	529
1945	529
1946	530
1947	531
1948	530
1949	529
1950	531
1951	530
1952	531
1953	531
1954	530
1955	531
1956	531
1957	531
1958	530
1959	530
1960	531
1961	530
1962	529
1963	530
1964	529
1965	529
1966	529
1967	529
1968	531
1969	531
1970	531
1971	531
1972	530
1973	531
1974	529
1975	530
1976	530
1977	529
1978	531
1979	529
1980	531
1981	530
1982	531
1983	529
1984	529
1985	530
1986	531
1987	530
1988	530
1989	530
1990	530
1991	530
1992	529
1993	529
1994	531
1995	529
1996	529
1997	530
1998	530
1999	531
2000	531
2001	530
2002	531
2003	529
2004	529
2005	529
2006	531
2007	531
2008	529
2009	529
2010	531
2011	531
2012	530
2013	530
2014	529
2015	529
2016	531
2017	530
2018	530
2019	530
2020	531
2021	531
2022	530
2023	531
2024	529
2025	529
2026	530
2027	529
2028	531
2029	530
2030	530
2031	530
2032	529
2033	531
2034	529
2035	531
2036	529
2037	531
2038	531
2039	531
2040	530
2041	530
2042	531
2043	529
2044	529
2045	530
2046	530
2047	531
2048	531
2049	529
2050	531
2051	529
2052	529
2053	530
2054	529
2055	530
2056	529
2057	530
2058	531
2059	529
2060	529
2061	531
2062	530
2063	531
2064	530
2065	530
2066	531
2067	530
2068	530
2069	529
2070	529
2071	529
2072	531
2073	530
2074	531
2075	530
2076	530
2077	530
2078	529
2079	531
2080	531
2081	530
2082	531
2083	530
2084	529
2085	529
2086	531
2087	530
2088	531
2089	530
2090	529
2091	529
2092	529
2093	531
2094	529
2095	529
2096	531
2097	530
2098	530
2099	530
2100	529
2101	530
2102	530
2103	531
2104	530
2105	529
2106	531
2107	531
2108	530
2109	530
2110	530
2111	529
2112	529
2113	531
2114	529
2115	531
2116	531
2117	531
2118	529
2119	529
2120	531
2121	529
2122	531
2123	530
2124	529
2125	530
2126	531
2127	530
2128	530
2129	529
2130	530
2131	530
2132	530
2133	530
2134	530
2135	531
2136	530
2137	529
2138	530
2139	529
2140	529
2141	530
2142	531
2143	531
2144	530
2145	531
2146	529
2147	531
2148	529
2149	530
2150	529
2151	530
2152	530
2153	530
2154	531
2155	530
2156	531
2157	529
2158	529
2159	529
2160	531
2161	529
2162	531
2163	531
2164	531
2165	529
2166	531
2167	529
2168	529
2169	531
2170	531
2171	530
2172	529
2173	530
2174	530
2175	531
2176	531
2177	530
2178	531
2179	531
2180	530
2181	531
2182	531
2183	530
2184	529
2185	531
2186	530
2187	530
2188	530
2189	530
2190	530
2191	530
2192	531
2193	529
2194	530
2195	531
2196	529
2197	530
2198	529
2199	530
2200	531
2201	531
2202	530
2203	529
2204	529
2205	530
2206	531
2207	531
2208	531
2209	529
2210	531
2211	531
2212	531
2213	529
2214	529
2215	530
2216	531
2217	529
2218	531
2219	530
2220	529
2221	529
2222	529
2223	531
2224	530
2225	531
2226	531
2227	531
2228	530
2229	530
2230	530
2231	530
2232	529
2233	529
2234	529
2235	530
2236	530
2237	529
2238	531
2239	530
2240	530
2241	529
2242	531
2243	530
2244	530
2245	529
2246	529
2247	531
2248	530
2249	530
2250	529
2251	530
2252	530
2253	529
2254	530
2255	529
2256	531
2257	530
2258	530
2259	529
2260	530
2261	531
2262	531
2263	530
2264	529
2265	530
2266	531
2267	529
2268	531
2269	529
2270	531
2271	530
2272	530
2273	530
2274	531
2275	531
2276	529
2277	529
2278	530
2279	531
2280	531
2281	529
2282	531
2283	530
2284	531
2285	531
2286	530
2287	531
2288	530
2289	529
2290	531
2291	529
2292	530
2293	531
2294	531
2295	530
2296	529
2297	529
2298	531
2299	529
2300	531
2301	531
2302	530
2303	529
2304	530
2305	530
2306	530
2307	529
2308	530
2309	530
2310	530
2311	531
2312	531
2313	530
2314	530
2315	531
2316	530
2317	530
2318	530
2319	530
2320	530
2321	531
2322	531
2323	531
2324	530
2325	529
2326	531
2327	530
2328	529
2329	530
2330	529
2331	530
2332	531
2333	529
2334	530
2335	531
2336	529
2337	529
2338	530
2339	529
2340	530
2341	531
2342	530
2343	530
2344	530
2345	529
2346	530
2347	529
2348	529
2349	529
2350	531
2351	530
2352	529
2353	531
2354	531
2355	531
2356	531
2357	529
2358	529
2359	531
2360	529
2361	530
2362	531
2363	530
2364	530
2365	529
2366	530
2367	531
2368	529
2369	529
2370	531
2371	530
2372	529
2373	530
2374	530
2375	529
2376	530
2377	530
2378	529
2379	531
2380	529
2381	530
2382	531
2383	529
2384	530
2385	530
2386	529
2387	530
2388	529
2389	530
2390	531
2391	530
2392	531
2393	529
2394	529
2395	531
2396	530
2397	529
2398	531
2399	529
2400	530
2401	531
2402	531
2403	530
2404	530
2405	529
2406	530
2407	531
2408	529
2409	530
2410	531
2411	530
2412	530
2413	529
2414	530
2415	530
2416	530
2417	530
2418	531
2419	529
2420	531
2421	529
2422	530
2423	529
2424	529
2425	530
2426	530
2427	529
2428	530
2429	530
2430	529
2431	529
2432	529
2433	530
2434	531
2435	529
2436	531
2437	530
2438	531
2439	530
2440	530
2441	530
2442	530
2443	531
2444	530
2445	530
2446	529
2447	529
2448	531
2449	529
2450	531
2451	531
2452	530
2453	530
2454	530
2455	531
2456	531
2457	531
2458	529
2459	529
2460	529
2461	531
2462	531
2463	529
2464	530
2465	531
2466	529
2467	530
2468	530
2469	530
2470	531
2471	530
2472	530
2473	531
2474	529
2475	530
2476	531
2477	530
2478	529
2479	531
2480	531
2481	529
2482	531
2483	530
2484	530
2485	530
2486	531
2487	530
2488	529
2489	529
2490	531
2491	531
2492	529
2493	529
2494	529
2495	530
2496	531
2497	530
2498	530
2499	531
2500	531
2501	529
2502	530
2503	531
2504	529
2505	530
2506	530
2507	530
2508	531
2509	529
2510	531
2511	531
2512	529
2513	529
2514	531
2515	529
2516	531
2517	530
2518	529
2519	529
2520	529
2521	529
2522	530
2523	530
2524	529
2525	531
2526	531
2527	531
2528	529
2529	531
2530	529
2531	531
2532	531
2533	530
2534	531
2535	531
2536	531
2537	531
2538	531
2539	530
2540	531
2541	531
2542	530
2543	530
2544	531
2545	531
2546	530
2547	530
2548	529
2549	530
2550	529
2551	529
2552	531
2553	531
2554	530
2555	529
2556	529
2557	529
2558	529
2559	530
2560	531
2561	530
2562	529
2563	530
2564	529
2565	530
2566	531
2567	531
2568	530
2569	529
2570	530
2571	529
2572	530
2573	531
2574	529
2575	531
2576	529
2577	529
2578	530
2579	529
2580	529
2581	530
2582	530
2583	531
2584	531
2585	529
2586	529
2587	529
2588	530
2589	531
2590	531
2591	530
2592	530
2593	529
2594	530
2595	531
2596	530
2597	530
2598	529
2599	531
2600	531
2601	529
2602	531
2603	530
2604	530
2605	530
2606	531
2607	530
2608	529
2609	531
2610	529
2611	529
2612	529
2613	529
2614	531
2615	530
2616	529
2617	529
2618	529
2619	530
2620	531
2621	530
2622	530
2623	530
2624	530
2625	529
2626	531
2627	529
2628	531
2629	530
2630	531
2631	529
2632	529
2633	530
2634	529
2635	529
2636	529
2637	530
2638	529
2639	530
2640	530
2641	531
2642	530
2643	531
2644	529
2645	530
2646	529
2647	531
2648	529
2649	530
2650	529
2651	531
2652	530
2653	529
2654	529
2655	529
2656	530
2657	529
2658	530
2659	531
2660	531
2661	531
2662	531
2663	531
2664	530
2665	530
2666	529
2667	529
2668	531
2669	530
2670	531
2671	529
2672	530
2673	530
2674	530
2675	530
2676	531
2677	531
2678	529
2679	531
2680	529
2681	529
2682	529
2683	530
2684	531
2685	529
2686	531
2687	530
2688	531
2689	530
2690	529
2691	531
2692	530
2693	530
2694	529
2695	529
2696	529
2697	530
2698	531
2699	529
2700	529
2701	531
2702	530
2703	531
2704	530
2705	529
2706	529
2707	530
2708	529
2709	530
2710	529
2711	529
2712	530
2713	531
2714	531
2715	529
2716	529
2717	529
2718	530
2719	529
2720	529
2721	531
2722	531
2723	530
2724	531
2725	530
2726	531
2727	530
2728	531
2729	530
2730	531
2731	531
2732	531
2733	529
2734	530
2735	529
2736	530
2737	529
2738	530
2739	530
2740	530
2741	529
2742	530
2743	531
2744	529
2745	530
2746	530
2747	529
2748	529
2749	529
2750	529
2751	530
2752	530
2753	530
2754	531
2755	531
2756	529
2757	531
2758	531
2759	531
2760	530
2761	530
2762	529
2763	531
2764	530
2765	529
2766	531
2767	531
2768	530
2769	529
2770	529
2771	531
2772	529
2773	530
2774	529
2775	530
2776	530
2777	529
2778	530
2779	530
2780	529
2781	529
2782	530
2783	530
2784	529
2785	529
2786	531
2787	530
2788	531
2789	531
2790	531
2791	531
2792	531
2793	531
2794	529
2795	529
2796	530
2797	530
2798	530
2799	531
2800	530
2801	531
2802	530
2803	530
2804	531
2805	531
2806	530
2807	531
2808	529
2809	531
2810	530
2811	529
2812	529
2813	530
2814	530
2815	531
2816	530
2817	530
2818	531
2819	531
2820	530
2821	529
2822	529
2823	530
2824	531
2825	531
2826	531
2827	529
2828	530
2829	531
2830	529
2831	529
2832	529
2833	530
2834	530
2835	530
2836	530
2837	529
2838	530
2839	530
2840	530
2841	530
2842	531
2843	529
2844	529
2845	530
2846	529
2847	531
2848	531
2849	531
2850	531
2851	530
2852	529
2853	529
2854	531
2855	531
2856	529
2857	530
2858	530
2859	530
2860	529
2861	530
2862	529
2863	529
2864	531
2865	530
2866	531
2867	530
2868	531
2869	531
2870	530
2871	529
2872	530
2873	529
2874	531
2875	530
2876	529
2877	530
2878	530
2879	529
2880	531
2881	531
2882	531
2883	529
2884	530
2885	529
2886	530
2887	530
2888	531
2889	529
2890	531
2891	531
2892	530
2893	529
2894	530
2895	529
2896	529
2897	530
2898	529
2899	529
2900	529
2901	530
2902	530
2903	530
2904	529
2905	530
2906	531
2907	529
2908	530
2909	530
2910	530
2911	530
2912	529
2913	531
2914	531
2915	531
2916	531
2917	530
2918	531
2919	531
2920	531
2921	531
2922	531
2923	529
2924	529
2925	529
2926	530
2927	529
2928	529
2929	530
2930	530
2931	529
2932	530
2933	529
2934	531
2935	529
2936	529
2937	529
2938	529
2939	530
2940	531
2941	529
2942	530
2943	531
2944	530
2945	529
2946	529
2947	530
2948	529
2949	531
2950	531
2951	529
2952	530
2953	530
2954	529
2955	531
2956	529
2957	529
2958	531
2959	529
2960	529
2961	530
2962	529
2963	531
2964	529
2965	529
2966	530
2967	530
2968	531
2969	531
2970	530
2971	529
2972	530
2973	531
2974	530
2975	531
2976	531
2977	530
2978	531
2979	531
2980	529
2981	531
2982	529
2983	530
2984	530
2985	531
2986	531
2987	529
2988	529
2989	529
2990	529
2991	529
2992	531
2993	531
2994	530
2995	530
2996	531
2997	531
2998	531
2999	531
3000	529
