1	5.0
2	9.975
3	14.925125
4	19.850499375
5	24.7512468781
6	29.6274906437
7	34.4793531905
8	39.3069564246
9	44.1104216424
10	48.8898695342
11	53.6454201866
12	58.3771930856
13	63.0853071202
14	67.7698805846
15	72.4310311817
16	77.0688760258
17	81.6835316456
18	86.2751139874
19	90.8437384175
20	95.3895197254
21	99.9125721268
22	104.413009266
23	108.89094422
24	113.346489499
25	117.779757051
26	122.190858266
27	126.579903975
28	130.947004455
29	135.292269432
30	139.615808085
31	143.917729045
32	148.1981404
33	152.457149698
34	156.694863949
35	160.911389629
36	165.106832681
37	169.281298518
38	173.434892025
39	177.567717565
40	181.679878977
41	185.771479582
42	189.842622185
43	193.893409074
44	197.923942028
45	201.934322318
46	205.924650707
47	209.895027453
48	213.845552316
49	217.776324554
50	221.687442931
51	225.579005717
52	229.451110688
53	233.303855135
54	237.137335859
55	240.95164918
56	244.746890934
57	248.523156479
58	252.280540697
59	256.019137993
60	259.739042303
61	263.440347092
62	267.123145356
63	270.78752963
64	274.433591981
65	278.061424021
66	281.671116901
67	285.262761317
68	288.83644751
69	292.392265273
70	295.930303946
71	299.450652427
72	302.953399165
73	306.438632169
74	309.906439008
75	313.356906813
76	316.790122279
77	320.206171667
78	323.605140809
79	326.987115105
80	330.352179529
81	333.700418632
82	337.031916539
83	340.346756956
84	343.645023171
85	346.926798055
86	350.192164065
87	353.441203245
88	356.673997228
89	359.890627242
90	363.091174106
91	366.275718236
92	369.444339644
93	372.597117946
94	375.734132356
95	378.855461695
96	381.961184386
97	385.051378464
98	388.126121572
99	391.185490964
100	394.229563509
101	397.258415692
102	400.272123613
103	403.270762995
104	406.25440918
105	409.223137134
106	412.177021449
107	415.116136341
108	418.04055566
109	420.950352881
110	423.845601117
111	426.726373111
112	429.592741246
113	432.44477754
114	435.282553652
115	438.106140884
116	440.915610179
117	443.711032128
118	446.492476968
119	449.260014583
120	452.01371451
121	454.753645937
122	457.479877708
123	460.192478319
124	462.891515928
125	465.577058348
126	468.249173056
127	470.907927191
128	473.553387555
129	476.185620617
130	478.804692514
131	481.410669052
132	484.003615706
133	486.583597628
134	489.15067964
135	491.704926241
136	494.24640161
137	496.775169602
138	499.291293754
139	501.794837285
140	504.285863099
141	506.764433783
142	509.230611615
143	511.684458556
144	514.126036264
145	516.555406082
146	518.972629052
147	521.377765907
148	523.770877077
149	526.152022692
150	528.521262578
151	529
152	531
153	530
154	529
155	531
156	529
157	531
158	529
159	530
160	530
161	529
162	530
163	531
164	529
165	530
166	530
167	530
168	531
169	531
170	530
171	531
172	531
173	531
174	530
175	529
176	530
177	530
178	531
179	529
180	529
181	530
182	530
183	529
184	530
185	530
186	529
187	529
188	529
189	530
190	529
191	530
192	531
193	530
194	530
195	530
196	529
197	529
198	531
199	531
200	531
201	529
202	530
203	529
204	530
205	529
206	529
207	530
208	531
209	530
210	531
211	529
212	531
213	531
214	531
215	529
216	531
217	530
218	530
219	530
220	530
221	530
222	531
223	530
224	529
225	531
226	531
227	530
228	530
229	530
230	529
231	529
232	531
233	529
234	530
235	531
236	531
237	530
238	529
239	530
240	530
241	530
242	529
243	529
244	530
245	529
246	530
247	530
248	531
249	530
250	529
251	529
252	530
253	531
254	529
255	529
256	530
257	530
258	529
259	530
260	531
261	529
262	530
263	529
264	531
265	531
266	531
267	529
268	531
269	531
270	530
271	530
272	529
273	530
274	531
275	530
276	530
277	529
278	531
279	529
280	531
281	529
282	531
283	529
284	531
285	531
286	530
287	530
288	529
289	531
290	530
291	531
292	530
293	529
294	531
295	529
296	529
297	529
298	530
299	529
300	529
301	531
302	531
303	529
304	529
305	529
306	529
307	529
308	530
309	531
310	529
311	529
312	530
313	530
314	529
315	530
316	531
317	531
318	531
319	529
320	530
321	531
322	530
323	531
324	530
325	529
326	529
327	531
328	531
329	531
330	531
331	531
332	530
333	531
334	530
335	531
336	531
337	531
338	531
339	530
340	531
341	529
342	530
343	530
344	531
345	529
346	530
347	530
348	531
349	529
350	530
351	529
352	530
353	530
354	530
355	529
356	531
357	530
358	529
359	529
360	529
361	531
362	529
363	530
364	529
365	530
366	531
367	530
368	531
369	530
370	531
371	531
372	529
373	530
374	529
375	529
376	531
377	531
378	531
379	530
380	530
381	530
382	530
383	529
384	531
385	529
386	530
387	531
388	530
389	530
390	531
391	529
392	529
393	531
394	530
395	530
396	529
397	529
398	531
399	529
400	529
401	529
402	530
403	530
404	529
405	531
406	531
407	529
408	531
409	531
410	531
411	530
412	531
413	530
414	530
415	529
416	529
417	529
418	530
419	531
420	531
421	529
422	531
423	531
424	529
425	529
426	531
427	531
428	531
429	531
430	529
431	530
432	531
433	530
434	530
435	531
436	529
437	531
438	529
439	531
440	529
441	530
442	531
443	531
444	531
445	531
446	531
447	530
448	529
449	531
450	530
451	531
452	529
453	529
454	531
455	530
456	531
457	531
458	530
459	530
460	529
461	530
462	529
463	530
464	530
465	530
466	531
467	530
468	531
469	530
470	529
471	530
472	529
473	530
474	531
475	531
476	531
477	529
478	529
479	529
480	529
481	530
482	529
483	531
484	529
485	529
486	530
487	530
488	530
489	529
490	529
491	529
492	531
493	530
494	531
495	529
496	529
497	530
498	531
499	531
500	531
501	531
502	529
503	529
504	531
505	530
506	529
507	530
508	530
509	531
510	530
511	529
512	531
513	531
514	530
515	531
516	531
517	529
518	530
519	531
520	529
521	529
522	529
523	530
524	529
525	529
526	531
527	529
528	530
529	529
530	530
531	529
532	531
533	531
534	531
535	529
536	531
537	531
538	531
539	529
540	530
541	529
542	530
543	529
544	530
545	529
546	531
547	531
548	531
549	530
550	530
551	531
552	531
553	529
554	530
555	531
556	530
557	531
558	530
559	530
560	530
561	531
562	529
563	530
564	531
565	531
566	531
567	529
568	529
569	531
570	531
571	530
572	529
573	529
574	530
575	530
576	531
577	530
578	529
579	531
580	531
581	530
582	530
583	530
584	531
585	530
586	531
587	529
588	529
589	529
590	531
591	531
592	531
593	529
594	529
595	531
596	530
597	529
598	531
599	530
600	530
601	529
602	529
603	531
604	529
605	529
606	530
607	530
608	531
609	531
610	529
611	529
612	529
613	530
614	529
615	529
616	529
617	530
618	530
619	530
620	530
621	531
622	530
623	529
624	531
625	529
626	530
627	530
628	531
629	531
630	531
631	531
632	530
633	531
634	529
635	530
636	531
637	531
638	531
639	530
640	529
641	531
642	530
643	530
644	529
645	529
646	531
647	529
648	530
649	531
650	531
651	530
652	530
653	531
654	530
655	529
656	531
657	531
658	531
659	530
660	531
661	529
662	529
663	531
664	530
665	529
666	531
667	531
668	530
669	529
670	530
671	531
672	531
673	530
674	529
675	531
676	529
677	529
678	530
679	529
680	531
681	529
682	529
683	530
684	531
685	530
686	529
687	531
688	530
689	529
690	529
691	530
692	529
693	529
694	529
695	530
696	530
697	529
698	530
699	531
700	531
701	530
702	531
703	529
704	529
705	530
706	531
707	529
708	529
709	531
710	530
711	529
712	531
713	531
714	530
715	530
716	529
717	530
718	531
719	531
720	529
721	529
722	530
723	529
724	531
725	529
726	530
727	530
728	529
729	531
730	531
731	529
732	530
733	530
734	530
735	529
736	530
737	529
738	529
739	529
740	530
741	530
742	530
743	530
744	530
745	530
746	530
747	530
748	530
749	530
750	529
751	531
752	531
753	531
754	531
755	529
756	529
757	530
758	529
759	531
760	531
761	529
762	529
763	529
764	529
765	530
766	531
767	530
768	529
769	531
770	531
771	531
772	530
773	530
774	530
775	531
776	529
777	531
778	529
779	529
780	530
781	530
782	530
783	530
784	531
785	531
786	530
787	531
788	529
789	530
790	531
791	529
792	529
793	530
794	531
795	531
796	531
797	531
798	531
799	531
800	529
801	530
802	529
803	530
804	530
805	531
806	531
807	530
808	531
809	530
810	530
811	531
812	529
813	529
814	529
815	531
816	530
817	530
818	530
819	531
820	531
821	529
822	531
823	531
824	530
825	531
826	531
827	529
828	529
829	529
830	529
831	530
832	531
833	530
834	531
835	531
836	531
837	531
838	530
839	529
840	529
841	529
842	531
843	530
844	529
845	529
846	529
847	530
848	531
849	529
850	530
851	529
852	531
853	530
854	531
855	530
856	529
857	531
858	530
859	530
860	531
861	531
862	529
863	529
864	531
865	530
866	530
867	530
868	531
869	529
870	530
871	531
872	531
873	530
874	530
875	529
876	529
877	531
878	531
879	529
880	530
881	530
882	530
883	531
884	531
885	530
886	530
887	531
888	531
889	530
890	531
891	530
892	530
893	530
894	531
895	531
896	531
897	530
898	531
899	530
900	531
901	531
902	531
903	530
904	531
905	531
906	531
907	529
908	530
909	531
910	530
911	531
912	530
913	530
914	529
915	531
916	529
917	531
918	531
919	529
920	529
921	531
922	530
923	530
924	531
925	530
926	529
927	531
928	530
929	529
930	531
931	531
932	531
933	531
934	529
935	529
936	530
937	529
938	531
939	531
940	531
941	529
942	531
943	530
944	531
945	529
946	529
947	531
948	529
949	531
950	529
951	530
952	531
953	531
954	531
955	530
956	531
957	531
958	531
959	529
960	529
961	531
962	529
963	530
964	529
965	529
966	529
967	531
968	530
969	531
970	529
971	529
972	530
973	530
974	530
975	529
976	531
977	530
978	531
979	530
980	530
981	531
982	531
983	529
984	529
985	529
986	529
987	529
988	529
989	531
990	530
991	529
992	529
993	529
994	529
995	531
996	529
997	531
998	531
999	529
1000	531
1001	530
1002	529
1003	529
1004	531
1005	531
1006	529
1007	529
1008	529
1009	531
1010	531
1011	529
1012	531
1013	530
1014	529
1015	530
1016	530
1017	531
1018	531
1019	531
1020	530
1021	530
1022	529
1023	530
1024	531
1025	529
1026	531
1027	529
1028	529
1029	530
1030	529
1031	531
1032	529
1033	531
1034	531
1035	530
1036	529
1037	530
1038	530
1039	529
1040	529
1041	530
1042	531
1043	531
1044	530
1045	531
1046	531
1047	529
1048	529
1049	529
1050	529
1051	529
1052	530
1053	531
1054	531
1055	530
1056	529
1057	530
1058	529
1059	531
1060	531
1061	531
1062	530
1063	530
1064	529
1065	530
1066	529
1067	529
1068	529
1069	529
1070	529
1071	529
1072	530
1073	531
1074	530
1075	530
1076	531
1077	531
1078	531
1079	529
1080	529
1081	530
1082	531
1083	529
1084	530
1085	531
1086	531
1087	531
1088	529
1089	531
1090	530
1091	531
1092	531
1093	531
1094	530
1095	530
1096	530
1097	529
1098	529
1099	529
1100	530
1101	529
1102	530
1103	531
1104	530
1105	530
1106	529
1107	531
1108	531
1109	529
1110	531
1111	529
1112	530
1113	530
1114	531
1115	530
1116	529
1117	529
1118	529
1119	529
1120	529
1121	529
1122	530
1123	529
1124	530
1125	531
1126	529
1127	530
1128	529
1129	531
1130	531
1131	530
1132	529
1133	531
1134	531
1135	531
1136	529
1137	530
1138	530
1139	529
1140	530
1141	530
1142	531
1143	530
1144	529
1145	529
1146	529
1147	529
1148	529
1149	530
1150	530
1151	529
1152	531
1153	531
1154	529
1155	530
1156	529
1157	531
1158	531
1159	530
1160	530
1161	529
1162	530
1163	530
1164	531
1165	531
1166	531
1167	530
1168	530
1169	529
1170	531
1171	529
1172	530
1173	530
1174	529
1175	530
1176	530
1177	529
1178	531
1179	531
1180	530
1181	531
1182	530
1183	531
1184	530
1185	530
1186	531
1187	531
1188	529
1189	530
1190	530
1191	529
1192	531
1193	531
1194	530
1195	530
1196	531
1197	531
1198	531
1199	530
1200	531
1201	529
1202	530
1203	530
1204	531
1205	529
1206	529
1207	531
1208	529
1209	530
1210	531
1211	531
1212	531
1213	529
1214	529
1215	530
1216	531
1217	530
1218	531
1219	529
1220	531
1221	529
1222	531
1223	531
1224	531
1225	531
1226	529
1227	529
1228	530
1229	529
1230	530
1231	529
1232	531
1233	529
1234	531
1235	531
1236	530
1237	530
1238	530
1239	529
1240	530
1241	530
1242	529
1243	529
1244	531
1245	531
1246	529
1247	531
1248	531
1249	531
1250	529
1251	529
1252	531
1253	530
1254	530
1255	529
1256	531
1257	529
1258	531
1259	531
1260	531
1261	530
1262	531
1263	531
1264	530
1265	529
1266	529
1267	531
1268	530
1269	531
1270	529
1271	531
1272	530
1273	531
1274	529
1275	529
1276	530
1277	530
1278	529
1279	530
1280	529
1281	531
1282	530
1283	529
1284	529
1285	530
1286	530
1287	531
1288	531
1289	529
1290	531
1291	530
1292	531
1293	531
1294	531
1295	531
1296	530
1297	529
1298	531
1299	530
1300	529
1301	530
1302	529
1303	529
1304	529
1305	530
1306	531
1307	531
1308	531
1309	530
1310	530
1311	529
1312	529
1313	531
1314	530
1315	531
1316	529
1317	530
1318	531
1319	529
1320	530
1321	531
1322	530
1323	530
1324	531
1325	529
1326	531
1327	531
1328	529
1329	531
1330	531
1331	529
1332	529
1333	529
1334	531
1335	531
1336	529
1337	530
1338	529
1339	530
1340	531
1341	530
1342	529
1343	529
1344	529
1345	530
1346	529
1347	531
1348	531
1349	531
1350	531
1351	529
1352	529
1353	530
1354	529
1355	529
1356	529
1357	530
1358	531
1359	529
1360	531
1361	530
1362	530
1363	530
1364	530
1365	529
1366	530
1367	530
1368	529
1369	531
1370	529
1371	529
1372	529
1373	530
1374	530
1375	529
1376	530
1377	531
1378	529
1379	530
1380	531
1381	531
1382	529
1383	530
1384	529
1385	529
1386	530
1387	530
1388	529
1389	529
1390	531
1391	530
1392	529
1393	531
1394	530
1395	530
1396	529
1397	530
1398	529
1399	529
1400	529
1401	531
1402	531
1403	531
1404	529
1405	529
1406	531
1407	530
1408	531
1409	531
1410	529
1411	529
1412	530
1413	530
1414	529
1415	530
1416	530
1417	531
1418	530
1419	530
1420	530
1421	530
1422	530
1423	530
1424	531
1425	531
1426	530
1427	531
1428	531
1429	529
1430	531
1431	530
1432	531
1433	529
1434	530
1435	531
1436	529
1437	531
1438	531
1439	531
1440	530
1441	531
1442	529
1443	529
1444	530
1445	529
1446	529
1447	529
1448	531
1449	530
1450	531
1451	529
1452	530
1453	529
1454	529
1455	531
1456	531
1457	531
1458	529
1459	530
1460	530
1461	530
1462	530
1463	531
1464	530
1465	529
1466	530
1467	529
1468	530
1469	531
1470	529
1471	530
1472	531
1473	529
1474	531
1475	531
1476	529
1477	529
1478	530
1479	529
1480	529
1481	531
1482	530
1483	531
1484	529
1485	530
1486	529
1487	530
1488	531
1489	529
1490	531
1491	530
1492	530
1493	531
1494	531
1495	530
1496	529
1497	530
1498	531
1499	530
1500	530
1501	530
1502	531
1503	529
1504	530
1505	530
1506	531
1507	531
1508	531
1509	529
1510	531
1511	529
1512	529
1513	531
1514	531
1515	529
1516	530
1517	529
1518	530
1519	531
1520	530
1521	531
1522	530
1523	530
1524	531
1525	529
1526	529
1527	531
1528	531
1529	531
1530	530
1531	529
1532	529
1533	529
1534	531
1535	530
1536	529
1537	529
1538	531
1539	529
1540	529
1541	530
1542	530
1543	530
1544	529
1545	529
1546	531
1547	530
1548	531
1549	531
1550	529
1551	529
1552	529
1553	530
1554	531
1555	529
1556	531
1557	531
1558	531
1559	531
1560	529
1561	529
1562	531
1563	529
1564	529
1565	531
1566	529
1567	529
1568	530
1569	529
1570	529
1571	531
1572	531
1573	529
1574	530
1575	531
1576	530
1577	531
1578	530
1579	530
1580	529
1581	531
1582	530
1583	531
1584	530
1585	531
1586	531
1587	531
1588	530
1589	530
1590	530
1591	529
1592	529
1593	529
1594	531
1595	529
1596	530
1597	530
1598	531
1599	530
1600	529
1601	531
1602	530
1603	531
1604	531
1605	530
1606	529
1607	529
1608	529
1609	531
1610	530
1611	529
1612	531
1613	531
1614	529
1615	529
1616	530
1617	529
1618	529
1619	529
1620	530
1621	529
1622	530
1623	530
1624	529
1625	529
1626	530
1627	530
1628	529
1629	531
1630	529
1631	529
1632	530
1633	530
1634	529
1635	531
1636	531
1637	529
1638	529
1639	529
1640	530
1641	529
1642	531
1643	530
1644	531
1645	531
1646	530
1647	530
1648	529
1649	531
1650	530
1651	530
1652	529
1653	531
1654	531
1655	530
1656	529
1657	530
1658	531
1659	529
1660	529
1661	529
1662	531
1663	531
1664	529
1665	531
1666	529
1667	530
1668	529
1669	529
1670	529
1671	530
1672	531
1673	531
1674	531
1675	529
1676	531
1677	530
1678	531
1679	530
1680	531
1681	531
1682	529
1683	530
1684	530
1685	531
1686	531
1687	530
1688	530
1689	529
1690	529
1691	531
1692	529
1693	529
1694	530
1695	529
1696	530
1697	531
1698	529
1699	531
1700	531
1701	530
1702	530
1703	531
1704	531
1705	529
1706	529
1707	530
1708	531
1709	530
1710	529
1711	529
1712	530
1713	529
1714	529
1715	531
1716	531
1717	530
1718	529
1719	531
1720	531
1721	529
1722	531
1723	531
1724	529
1725	531
1726	530
1727	530
1728	530
1729	530
1730	531
1731	529
1732	531
1733	529
1734	531
1735	529
1736	531
1737	531
1738	531
1739	529
1740	529
1741	530
1742	529
1743	530
1744	530
1745	531
1746	530
1747	530
1748	531
1749	530
1750	529
1751	530
1752	531
1753	529
1754	531
1755	529
1756	529
1757	529
1758	530
1759	529
1760	529
1761	529
1762	530
1763	529
1764	531
1765	530
1766	529
1767	529
1768	531
1769	531
1770	531
1771	530
1772	530
1773	530
1774	531
1775	529
1776	529
1777	529
1778	529
1779	531
1780	530
1781	530
1782	531
1783	529
1784	531
1785	529
1786	531
1787	529
1788	530
1789	531
1790	530
1791	531
1792	531
1793	531
1794	529
1795	530
1796	530
1797	529
1798	529
1799	530
1800	529
1801	529
1802	531
1803	530
1804	530
1805	529
1806	529
1807	529
1808	531
1809	531
1810	529
1811	530
1812	531
1813	531
1814	531
1815	531
1816	529
1817	531
1818	531
1819	530
1820	531
1821	530
1822	529
1823	531
1824	531
1825	531
1826	531
1827	530
1828	530
1829	529
1830	530
1831	529
1832	530
1833	531
1834	529
1835	531
1836	529
1837	531
1838	529
1839	531
1840	529
1841	531
1842	529
1843	529
1844	531
1845	530
1846	530
1847	531
1848	530
1849	529
1850	530
1851	531
1852	530
1853	529
1854	531
1855	531
1856	531
1857	529
1858	530
1859	531
1860	529
1861	529
1862	529
1863	530
1864	529
1865	529
1866	529
1867	530
1868	530
1869	529
1870	530
1871	531
1872	529
1873	530
1874	529
1875	530
1876	529
1877	530
1878	530
1879	530
1880	529
1881	530
1882	529
1883	530
1884	531
1885	531
1886	529
1887	529
1888	530
1889	529
1890	529
1891	531
1892	530
1893	530
1894	530
1895	530
1896	531
1897	530
1898	529
1899	529
1900	529
1901	530
1902	530
1903	529
1904	531
1905	529
1906	531
1907	529
1908	529
1909	531
1910	529
1911	529
1912	531
1913	531
1914	529
1915	529
1916	529
1917	531
1918	531
1919	529
1920	530
1921	530
1922	531
1923	529
1924	531
1925	529
1926	531
1927	529
1928	530
1929	529
1930	531
1931	529
1932	529
1933	530
1934	531
1935	529
1936	529
1937	529
1938	530
1939	529
1940	529
1941	529
1942	530
1943	530
1944	531
1945	529
1946	529
1947	529
1948	530
1949	531
1950	530
1951	530
1952	530
1953	530
1954	529
1955	531
1956	531
1957	530
1958	530
1959	531
1960	529
1961	530
1962	529
1963	529
1964	529
1965	529
1966	530
1967	530
1968	530
1969	531
1970	530
1971	531
1972	531
1973	529
1974	529
1975	531
1976	529
1977	530
1978	530
1979	530
1980	531
1981	531
1982	530
1983	531
1984	530
1985	529
1986	530
1987	531
1988	529
1989	530
1990	529
1991	529
1992	531
1993	530
1994	530
1995	530
1996	530
1997	530
1998	531
1999	529
2000	531
2001    531
