0	1000
1	1000
2	1000
3	1000
4	1000
5	1000
6	1000
7	1000
8	1000
9	1000
10	1000
11	1000
12	1000
13	1000
14	1000
15	1000
16	1000
17	1000
18	1000
19	1000
20	1000
21	1000
22	1000
23	1000
24	1000
25	1000
26	1000
27	1000
28	1000
29	1000
30	1000
31	1000
32	1000
33	1000
34	1000
35	1000
36	1000
37	1000
38	1000
39	1000
40	1000
41	1000
42	1000
43	1000
44	1000
45	1000
46	1000
47	1000
48	1000
49	1000
50	1000
51	1000
52	1000
53	1000
54	1000
55	1000
56	1000
57	1000
58	1000
59	1000
60	1000
61	1000
62	1000
63	1000
64	1000
65	1000
66	1000
67	1000
68	1000
69	1000
70	1000
71	1000
72	1000
73	1000
74	1000
75	1000
76	1000
77	1000
78	1000
79	1000
80	1000
81	1000
82	1000
83	1000
84	1000
85	1000
86	1000
87	1000
88	1000
89	1000
90	1000
91	1000
92	1000
93	1000
94	1000
95	1000
96	1000
97	1000
98	1000
99	1000
100	1000
101	1000
102	1000
103	1000
104	1000
105	1000
106	1000
107	1000
108	1000
109	1000
110	1000
111	1000
112	1000
113	1000
114	1000
115	1000
116	1000
117	1000
118	1000
119	1000
120	1000
121	1000
122	1000
123	1000
124	1000
125	1000
126	1000
127	1000
128	1000
129	1000
130	1000
131	1000
132	1000
133	1000
134	1000
135	1000
136	1000
137	1000
138	1000
139	1000
140	1000
141	1000
142	1000
143	1000
144	1000
145	1000
146	1000
147	1000
148	1000
149	1000
150	1000
151	1000
152	1000
153	1000
154	1000
155	1000
156	1000
157	1000
158	1000
159	1000
160	1000
161	1000
162	1000
163	1000
164	1000
165	1000
166	1000
167	1000
168	1000
169	1000
170	1000
171	1000
172	1000
173	1000
174	1000
175	1000
176	1000
177	1000
178	1000
179	1000
180	1000
181	1000
182	1000
183	1000
184	1000
185	1000
186	1000
187	1000
188	1000
189	1000
190	1000
191	1000
192	1000
193	1000
194	1000
195	1000
196	1000
197	1000
198	1000
199	1000
200	1000
201	1000
202	1000
203	1000
204	1000
205	1000
206	1000
207	1000
208	1000
209	1000
210	1000
211	1000
212	1000
213	1000
214	1000
215	1000
216	1000
217	1000
218	1000
219	1000
220	1000
221	1000
222	1000
223	1000
224	1000
225	1000
226	1000
227	1000
228	1000
229	1000
230	1000
231	1000
232	1000
233	1000
234	1000
235	1000
236	1000
237	1000
238	1000
239	1000
240	1000
241	1000
242	1000
243	1000
244	1000
245	1000
246	1000
247	1000
248	1000
249	1000
250	1000
251	1000
252	1000
253	1000
254	1000
255	1000
256	1000
257	1000
258	1000
259	1000
260	1000
261	1000
262	1000
263	1000
264	1000
265	1000
266	1000
267	1000
268	1000
269	1000
270	1000
271	1000
272	1000
273	1000
274	1000
275	1000
276	1000
277	1000
278	1000
279	1000
280	1000
281	1000
282	1000
283	1000
284	1000
285	1000
286	1000
287	1000
288	1000
289	1000
290	1000
291	1000
292	1000
293	1000
294	1000
295	1000
296	1000
297	1000
298	1000
299	1000
300	1000
301	1000
302	1000
303	1000
304	1000
305	1000
306	1000
307	1000
308	1000
309	1000
310	1000
311	1000
312	1000
313	1000
314	1000
315	1000
316	1000
317	1000
318	1000
319	1000
320	1000
321	1000
322	1000
323	1000
324	1000
325	1000
326	1000
327	1000
328	1000
329	1000
330	1000
331	1000
332	1000
333	1000
334	1000
335	1000
336	1000
337	1000
338	1000
339	1000
340	1000
341	1000
342	1000
343	1000
344	1000
345	1000
346	1000
347	1000
348	1000
349	1000
350	1000
351	1000
352	1000
353	1000
354	1000
355	1000
356	1000
357	1000
358	1000
359	1000
360	1000
361	1000
362	1000
363	1000
364	1000
365	1000
366	1000
367	1000
368	1000
369	1000
370	1000
371	1000
372	1000
373	1000
374	1000
375	1000
376	1000
377	1000
378	1000
379	1000
380	1000
381	1000
382	1000
383	1000
384	1000
385	1000
386	1000
387	1000
388	1000
389	1000
390	1000
391	1000
392	1000
393	1000
394	1000
395	1000
396	1000
397	1000
398	1000
399	1000
400	1000
401	1000
402	1000
403	1000
404	1000
405	1000
406	1000
407	1000
408	1000
409	1000
410	1000
411	1000
412	1000
413	1000
414	1000
415	1000
416	1000
417	1000
418	1000
419	1000
420	1000
421	1000
422	1000
423	1000
424	1000
425	1000
426	1000
427	1000
428	1000
429	1000
430	1000
431	1000
432	1000
433	1000
434	1000
435	1000
436	1000
437	1000
438	1000
439	1000
440	1000
441	1000
442	1000
443	1000
444	1000
445	1000
446	1000
447	1000
448	1000
449	1000
450	1000
451	1000
452	1000
453	1000
454	1000
455	1000
456	1000
457	1000
458	1000
459	1000
460	1000
461	1000
462	1000
463	1000
464	1000
465	1000
466	1000
467	1000
468	1000
469	1000
470	1000
471	1000
472	1000
473	1000
474	1000
475	1000
476	1000
477	1000
478	1000
479	1000
480	1000
481	1000
482	1000
483	1000
484	1000
485	1000
486	1000
487	1000
488	1000
489	1000
490	1000
491	1000
492	1000
493	1000
494	1000
495	1000
496	1000
497	1000
498	1000
499	1000
500	1000
501	1000
502	1000
503	1000
504	1000
505	1000
506	1000
507	1000
508	1000
509	1000
510	1000
511	1000
512	1000
513	1000
514	1000
515	1000
516	1000
517	1000
518	1000
519	1000
520	1000
521	1000
522	1000
523	1000
524	1000
525	1000
526	1000
527	1000
528	1000
529	1000
530	1000
531	1000
532	1000
533	1000
534	1000
535	1000
536	1000
537	1000
538	1000
539	1000
540	1000
541	1000
542	1000
543	1000
544	1000
545	1000
546	1000
547	1000
548	1000
549	1000
550	1000
551	1000
552	1000
553	1000
554	1000
555	1000
556	1000
557	1000
558	1000
559	1000
560	1000
561	1000
562	1000
563	1000
564	1000
565	1000
566	1000
567	1000
568	1000
569	1000
570	1000
571	1000
572	1000
573	1000
574	1000
575	1000
576	1000
577	1000
578	1000
579	1000
580	1000
581	1000
582	1000
583	1000
584	1000
585	1000
586	1000
587	1000
588	1000
589	1000
590	1000
591	1000
592	1000
593	1000
594	1000
595	1000
596	1000
597	1000
598	1000
599	1000
600	1000
601	1000
602	1000
603	1000
604	1000
605	1000
606	1000
607	1000
608	1000
609	1000
610	1000
611	1000
612	1000
613	1000
614	1000
615	1000
616	1000
617	1000
618	1000
619	1000
620	1000
621	1000
622	1000
623	1000
624	1000
625	1000
626	1000
627	1000
628	1000
629	1000
630	1000
631	1000
632	1000
633	1000
634	1000
635	1000
636	1000
637	1000
638	1000
639	1000
640	1000
641	1000
642	1000
643	1000
644	1000
645	1000
646	1000
647	1000
648	1000
649	1000
650	1000
651	1000
652	1000
653	1000
654	1000
655	1000
656	1000
657	1000
658	1000
659	1000
660	1000
661	1000
662	1000
663	1000
664	1000
665	1000
666	1000
667	1000
668	1000
669	1000
670	1000
671	1000
672	1000
673	1000
674	1000
675	1000
676	1000
677	1000
678	1000
679	1000
680	1000
681	1000
682	1000
683	1000
684	1000
685	1000
686	1000
687	1000
688	1000
689	1000
690	1000
691	1000
692	1000
693	1000
694	1000
695	1000
696	1000
697	1000
698	1000
699	1000
700	1000
701	1000
702	1000
703	1000
704	1000
705	1000
706	1000
707	1000
708	1000
709	1000
710	1000
711	1000
712	1000
713	1000
714	1000
715	1000
716	1000
717	1000
718	1000
719	1000
720	1000
721	1000
722	1000
723	1000
724	1000
725	1000
726	1000
727	1000
728	1000
729	1000
730	1000
731	1000
732	1000
733	1000
734	1000
735	1000
736	1000
737	1000
738	1000
739	1000
740	1000
741	1000
742	1000
743	1000
744	1000
745	1000
746	1000
747	1000
748	1000
749	1000
750	1000
751	1000
752	1000
753	1000
754	1000
755	1000
756	1000
757	1000
758	1000
759	1000
760	1000
761	1000
762	1000
763	1000
764	1000
765	1000
766	1000
767	1000
768	1000
769	1000
770	1000
771	1000
772	1000
773	1000
774	1000
775	1000
776	1000
777	1000
778	1000
779	1000
780	1000
781	1000
782	1000
783	1000
784	1000
785	1000
786	1000
787	1000
788	1000
789	1000
790	1000
791	1000
792	1000
793	1000
794	1000
795	1000
796	1000
797	1000
798	1000
799	1000
800	1000
801	1000
802	1000
803	1000
804	1000
805	1000
806	1000
807	1000
808	1000
809	1000
810	1000
811	1000
812	1000
813	1000
814	1000
815	1000
816	1000
817	1000
818	1000
819	1000
820	1000
821	1000
822	1000
823	1000
824	1000
825	1000
826	1000
827	1000
828	1000
829	1000
830	1000
831	1000
832	1000
833	1000
834	1000
835	1000
836	1000
837	1000
838	1000
839	1000
840	1000
841	1000
842	1000
843	1000
844	1000
845	1000
846	1000
847	1000
848	1000
849	1000
850	1000
851	1000
852	1000
853	1000
854	1000
855	1000
856	1000
857	1000
858	1000
859	1000
860	1000
861	1000
862	1000
863	1000
864	1000
865	1000
866	1000
867	1000
868	1000
869	1000
870	1000
871	1000
872	1000
873	1000
874	1000
875	1000
876	1000
877	1000
878	1000
879	1000
880	1000
881	1000
882	1000
883	1000
884	1000
885	1000
886	1000
887	1000
888	1000
889	1000
890	1000
891	1000
892	1000
893	1000
894	1000
895	1000
896	1000
897	1000
898	1000
899	1000
900	1000
901	1000
902	1000
903	1000
904	1000
905	1000
906	1000
907	1000
908	1000
909	1000
910	1000
911	1000
912	1000
913	1000
914	1000
915	1000
916	1000
917	1000
918	1000
919	1000
920	1000
921	1000
922	1000
923	1000
924	1000
925	1000
926	1000
927	1000
928	1000
929	1000
930	1000
931	1000
932	1000
933	1000
934	1000
935	1000
936	1000
937	1000
938	1000
939	1000
940	1000
941	1000
942	1000
943	1000
944	1000
945	1000
946	1000
947	1000
948	1000
949	1000
950	1000
951	1000
952	1000
953	1000
954	1000
955	1000
956	1000
957	1000
958	1000
959	1000
960	1000
961	1000
962	1000
963	1000
964	1000
965	1000
966	1000
967	1000
968	1000
969	1000
970	1000
971	1000
972	1000
973	1000
974	1000
975	1000
976	1000
977	1000
978	1000
979	1000
980	1000
981	1000
982	1000
983	1000
984	1000
985	1000
986	1000
987	1000
988	1000
989	1000
990	1000
991	1000
992	1000
993	1000
994	1000
995	1000
996	1000
997	1000
998	1000
999	1000
1000	1000
1001	1000
1002	1000
1003	1000
1004	1000
1005	1000
1006	1000
1007	1000
1008	1000
1009	1000
1010	1000
1011	1000
1012	1000
1013	1000
1014	1000
1015	1000
1016	1000
1017	1000
1018	1000
1019	1000
1020	1000
1021	1000
1022	1000
1023	1000
1024	1000
1025	1000
1026	1000
1027	1000
1028	1000
1029	1000
1030	1000
1031	1000
1032	1000
1033	1000
1034	1000
1035	1000
1036	1000
1037	1000
1038	1000
1039	1000
1040	1000
1041	1000
1042	1000
1043	1000
1044	1000
1045	1000
1046	1000
1047	1000
1048	1000
1049	1000
1050	1000
1051	1000
1052	1000
1053	1000
1054	1000
1055	1000
1056	1000
1057	1000
1058	1000
1059	1000
1060	1000
1061	1000
1062	1000
1063	1000
1064	1000
1065	1000
1066	1000
1067	1000
1068	1000
1069	1000
1070	1000
1071	1000
1072	1000
1073	1000
1074	1000
1075	1000
1076	1000
1077	1000
1078	1000
1079	1000
1080	1000
1081	1000
1082	1000
1083	1000
1084	1000
1085	1000
1086	1000
1087	1000
1088	1000
1089	1000
1090	1000
1091	1000
1092	1000
1093	1000
1094	1000
1095	1000
1096	1000
1097	1000
1098	1000
1099	1000
1100	1000
1101	1000
1102	1000
1103	1000
1104	1000
1105	1000
1106	1000
1107	1000
1108	1000
1109	1000
1110	1000
1111	1000
1112	1000
1113	1000
1114	1000
1115	1000
1116	1000
1117	1000
1118	1000
1119	1000
1120	1000
1121	1000
1122	1000
1123	1000
1124	1000
1125	1000
1126	1000
1127	1000
1128	1000
1129	1000
1130	1000
1131	1000
1132	1000
1133	1000
1134	1000
1135	1000
1136	1000
1137	1000
1138	1000
1139	1000
1140	1000
1141	1000
1142	1000
1143	1000
1144	1000
1145	1000
1146	1000
1147	1000
1148	1000
1149	1000
1150	1000
1151	1000
1152	1000
1153	1000
1154	1000
1155	1000
1156	1000
1157	1000
1158	1000
1159	1000
1160	1000
1161	1000
1162	1000
1163	1000
1164	1000
1165	1000
1166	1000
1167	1000
1168	1000
1169	1000
1170	1000
1171	1000
1172	1000
1173	1000
1174	1000
1175	1000
1176	1000
1177	1000
1178	1000
1179	1000
1180	1000
1181	1000
1182	1000
1183	1000
1184	1000
1185	1000
1186	1000
1187	1000
1188	1000
1189	1000
1190	1000
1191	1000
1192	1000
1193	1000
1194	1000
1195	1000
1196	1000
1197	1000
1198	1000
1199	1000
1200	1000
1201	1000
1202	1000
1203	1000
1204	1000
1205	1000
1206	1000
1207	1000
1208	1000
1209	1000
1210	1000
1211	1000
1212	1000
1213	1000
1214	1000
1215	1000
1216	1000
1217	1000
1218	1000
1219	1000
1220	1000
1221	1000
1222	1000
1223	1000
1224	1000
1225	1000
1226	1000
1227	1000
1228	1000
1229	1000
1230	1000
1231	1000
1232	1000
1233	1000
1234	1000
1235	1000
1236	1000
1237	1000
1238	1000
1239	1000
1240	1000
1241	1000
1242	1000
1243	1000
1244	1000
1245	1000
1246	1000
1247	1000
1248	1000
1249	1000
1250	1000
1251	1000
1252	1000
1253	1000
1254	1000
1255	1000
1256	1000
1257	1000
1258	1000
1259	1000
1260	1000
1261	1000
1262	1000
1263	1000
1264	1000
1265	1000
1266	1000
1267	1000
1268	1000
1269	1000
1270	1000
1271	1000
1272	1000
1273	1000
1274	1000
1275	1000
1276	1000
1277	1000
1278	1000
1279	1000
1280	1000
1281	1000
1282	1000
1283	1000
1284	1000
1285	1000
1286	1000
1287	1000
1288	1000
1289	1000
1290	1000
1291	1000
1292	1000
1293	1000
1294	1000
1295	1000
1296	1000
1297	1000
1298	1000
1299	1000
1300	1000
1301	1000
1302	1000
1303	1000
1304	1000
1305	1000
1306	1000
1307	1000
1308	1000
1309	1000
1310	1000
1311	1000
1312	1000
1313	1000
1314	1000
1315	1000
1316	1000
1317	1000
1318	1000
1319	1000
1320	1000
1321	1000
1322	1000
1323	1000
1324	1000
1325	1000
1326	1000
1327	1000
1328	1000
1329	1000
1330	1000
1331	1000
1332	1000
1333	1000
1334	1000
1335	1000
1336	1000
1337	1000
1338	1000
1339	1000
1340	1000
1341	1000
1342	1000
1343	1000
1344	1000
1345	1000
1346	1000
1347	1000
1348	1000
1349	1000
1350	1000
1351	1000
1352	1000
1353	1000
1354	1000
1355	1000
1356	1000
1357	1000
1358	1000
1359	1000
1360	1000
1361	1000
1362	1000
1363	1000
1364	1000
1365	1000
1366	1000
1367	1000
1368	1000
1369	1000
1370	1000
1371	1000
1372	1000
1373	1000
1374	1000
1375	1000
1376	1000
1377	1000
1378	1000
1379	1000
1380	1000
1381	1000
1382	1000
1383	1000
1384	1000
1385	1000
1386	1000
1387	1000
1388	1000
1389	1000
1390	1000
1391	1000
1392	1000
1393	1000
1394	1000
1395	1000
1396	1000
1397	1000
1398	1000
1399	1000
1400	1000
1401	1000
1402	1000
1403	1000
1404	1000
1405	1000
1406	1000
1407	1000
1408	1000
1409	1000
1410	1000
1411	1000
1412	1000
1413	1000
1414	1000
1415	1000
1416	1000
1417	1000
1418	1000
1419	1000
1420	1000
1421	1000
1422	1000
1423	1000
1424	1000
1425	1000
1426	1000
1427	1000
1428	1000
1429	1000
1430	1000
1431	1000
1432	1000
1433	1000
1434	1000
1435	1000
1436	1000
1437	1000
1438	1000
1439	1000
1440	1000
1441	1000
1442	1000
1443	1000
1444	1000
1445	1000
1446	1000
1447	1000
1448	1000
1449	1000
1450	1000
1451	1000
1452	1000
1453	1000
1454	1000
1455	1000
1456	1000
1457	1000
1458	1000
1459	1000
1460	1000
1461	1000
1462	1000
1463	1000
1464	1000
1465	1000
1466	1000
1467	1000
1468	1000
1469	1000
1470	1000
1471	1000
1472	1000
1473	1000
1474	1000
1475	1000
1476	1000
1477	1000
1478	1000
1479	1000
1480	1000
1481	1000
1482	1000
1483	1000
1484	1000
1485	1000
1486	1000
1487	1000
1488	1000
1489	1000
1490	1000
1491	1000
1492	1000
1493	1000
1494	1000
1495	1000
1496	1000
1497	1000
1498	1000
1499	1000
1500	1000
1501	1000
1502	1000
1503	1000
1504	1000
1505	1000
1506	1000
1507	1000
1508	1000
1509	1000
1510	1000
1511	1000
1512	1000
1513	1000
1514	1000
1515	1000
1516	1000
1517	1000
1518	1000
1519	1000
1520	1000
1521	1000
1522	1000
1523	1000
1524	1000
1525	1000
1526	1000
1527	1000
1528	1000
1529	1000
1530	1000
1531	1000
1532	1000
1533	1000
1534	1000
1535	1000
1536	1000
1537	1000
1538	1000
1539	1000
1540	1000
1541	1000
1542	1000
1543	1000
1544	1000
1545	1000
1546	1000
1547	1000
1548	1000
1549	1000
1550	1000
1551	1000
1552	1000
1553	1000
1554	1000
1555	1000
1556	1000
1557	1000
1558	1000
1559	1000
1560	1000
1561	1000
1562	1000
1563	1000
1564	1000
1565	1000
1566	1000
1567	1000
1568	1000
1569	1000
1570	1000
1571	1000
1572	1000
1573	1000
1574	1000
1575	1000
1576	1000
1577	1000
1578	1000
1579	1000
1580	1000
1581	1000
1582	1000
1583	1000
1584	1000
1585	1000
1586	1000
1587	1000
1588	1000
1589	1000
1590	1000
1591	1000
1592	1000
1593	1000
1594	1000
1595	1000
1596	1000
1597	1000
1598	1000
1599	1000
1600	1000
1601	1000
1602	1000
1603	1000
1604	1000
1605	1000
1606	1000
1607	1000
1608	1000
1609	1000
1610	1000
1611	1000
1612	1000
1613	1000
1614	1000
1615	1000
1616	1000
1617	1000
1618	1000
1619	1000
1620	1000
1621	1000
1622	1000
1623	1000
1624	1000
1625	1000
1626	1000
1627	1000
1628	1000
1629	1000
1630	1000
1631	1000
1632	1000
1633	1000
1634	1000
1635	1000
1636	1000
1637	1000
1638	1000
1639	1000
1640	1000
1641	1000
1642	1000
1643	1000
1644	1000
1645	1000
1646	1000
1647	1000
1648	1000
1649	1000
1650	1000
1651	1000
1652	1000
1653	1000
1654	1000
1655	1000
1656	1000
1657	1000
1658	1000
1659	1000
1660	1000
1661	1000
1662	1000
1663	1000
1664	1000
1665	1000
1666	1000
1667	1000
1668	1000
1669	1000
1670	1000
1671	1000
1672	1000
1673	1000
1674	1000
1675	1000
1676	1000
1677	1000
1678	1000
1679	1000
1680	1000
1681	1000
1682	1000
1683	1000
1684	1000
1685	1000
1686	1000
1687	1000
1688	1000
1689	1000
1690	1000
1691	1000
1692	1000
1693	1000
1694	1000
1695	1000
1696	1000
1697	1000
1698	1000
1699	1000
1700	1000
1701	1000
1702	1000
1703	1000
1704	1000
1705	1000
1706	1000
1707	1000
1708	1000
1709	1000
1710	1000
1711	1000
1712	1000
1713	1000
1714	1000
1715	1000
1716	1000
1717	1000
1718	1000
1719	1000
1720	1000
1721	1000
1722	1000
1723	1000
1724	1000
1725	1000
1726	1000
1727	1000
1728	1000
1729	1000
1730	1000
1731	1000
1732	1000
1733	1000
1734	1000
1735	1000
1736	1000
1737	1000
1738	1000
1739	1000
1740	1000
1741	1000
1742	1000
1743	1000
1744	1000
1745	1000
1746	1000
1747	1000
1748	1000
1749	1000
1750	1000
1751	1000
1752	1000
1753	1000
1754	1000
1755	1000
1756	1000
1757	1000
1758	1000
1759	1000
1760	1000
1761	1000
1762	1000
1763	1000
1764	1000
1765	1000
1766	1000
1767	1000
1768	1000
1769	1000
1770	1000
1771	1000
1772	1000
1773	1000
1774	1000
1775	1000
1776	1000
1777	1000
1778	1000
1779	1000
1780	1000
1781	1000
1782	1000
1783	1000
1784	1000
1785	1000
1786	1000
1787	1000
1788	1000
1789	1000
1790	1000
1791	1000
1792	1000
1793	1000
1794	1000
1795	1000
1796	1000
1797	1000
1798	1000
1799	1000
1800	1000
1801	1000
1802	1000
1803	1000
1804	1000
1805	1000
1806	1000
1807	1000
1808	1000
1809	1000
1810	1000
1811	1000
1812	1000
1813	1000
1814	1000
1815	1000
1816	1000
1817	1000
1818	1000
1819	1000
1820	1000
1821	1000
1822	1000
1823	1000
1824	1000
1825	1000
1826	1000
1827	1000
1828	1000
1829	1000
1830	1000
1831	1000
1832	1000
1833	1000
1834	1000
1835	1000
1836	1000
1837	1000
1838	1000
1839	1000
1840	1000
1841	1000
1842	1000
1843	1000
1844	1000
1845	1000
1846	1000
1847	1000
1848	1000
1849	1000
1850	1000
1851	1000
1852	1000
1853	1000
1854	1000
1855	1000
1856	1000
1857	1000
1858	1000
1859	1000
1860	1000
1861	1000
1862	1000
1863	1000
1864	1000
1865	1000
1866	1000
1867	1000
1868	1000
1869	1000
1870	1000
1871	1000
1872	1000
1873	1000
1874	1000
1875	1000
1876	1000
1877	1000
1878	1000
1879	1000
1880	1000
1881	1000
1882	1000
1883	1000
1884	1000
1885	1000
1886	1000
1887	1000
1888	1000
1889	1000
1890	1000
1891	1000
1892	1000
1893	1000
1894	1000
1895	1000
1896	1000
1897	1000
1898	1000
1899	1000
1900	1000
1901	1000
1902	1000
1903	1000
1904	1000
1905	1000
1906	1000
1907	1000
1908	1000
1909	1000
1910	1000
1911	1000
1912	1000
1913	1000
1914	1000
1915	1000
1916	1000
1917	1000
1918	1000
1919	1000
1920	1000
1921	1000
1922	1000
1923	1000
1924	1000
1925	1000
1926	1000
1927	1000
1928	1000
1929	1000
1930	1000
1931	1000
1932	1000
1933	1000
1934	1000
1935	1000
1936	1000
1937	1000
1938	1000
1939	1000
1940	1000
1941	1000
1942	1000
1943	1000
1944	1000
1945	1000
1946	1000
1947	1000
1948	1000
1949	1000
1950	1000
1951	1000
1952	1000
1953	1000
1954	1000
1955	1000
1956	1000
1957	1000
1958	1000
1959	1000
1960	1000
1961	1000
1962	1000
1963	1000
1964	1000
1965	1000
1966	1000
1967	1000
1968	1000
1969	1000
1970	1000
1971	1000
1972	1000
1973	1000
1974	1000
1975	1000
1976	1000
1977	1000
1978	1000
1979	1000
1980	1000
1981	1000
1982	1000
1983	1000
1984	1000
1985	1000
1986	1000
1987	1000
1988	1000
1989	1000
1990	1000
1991	1000
1992	1000
1993	1000
1994	1000
1995	1000
1996	1000
1997	1000
1998	1000
1999	1000
