1	5.0
2	9.975
3	14.925125
4	19.850499375
5	24.7512468781
6	29.6274906437
7	34.4793531905
8	39.3069564246
9	44.1104216424
10	48.8898695342
11	53.6454201866
12	58.3771930856
13	63.0853071202
14	67.7698805846
15	72.4310311817
16	77.0688760258
17	81.6835316456
18	86.2751139874
19	90.8437384175
20	95.3895197254
21	97.4781473686
22	99.5667750118
23	101.655402655
24	103.744030298
25	105.832657941
26	107.921285585
27	110.009913228
28	112.098540871
29	114.187168514
30	116.275796157
31	118.3644238
32	120.453051444
33	122.541679087
34	124.63030673
35	126.718934373
36	128.807562016
37	130.89618966
38	132.984817303
39	135.073444946
40	137.162072589
41	139.250700232
42	141.339327875
43	143.427955519
44	145.516583162
45	147.605210805
46	149.693838448
47	151.782466091
48	153.871093735
49	155.959721378
50	158.048349021
51	160.136976664
52	162.225604307
53	164.314231951
54	166.402859594
55	168.491487237
56	170.58011488
57	172.668742523
58	174.757370166
59	176.84599781
60	178.934625453
61	181.023253096
62	183.111880739
63	185.200508382
64	187.289136026
65	189.377763669
66	191.466391312
67	193.555018955
68	195.643646598
69	197.732274242
70	199.820901885
71	201.909529528
72	203.998157171
73	206.086784814
74	208.175412457
75	210.264040101
76	212.352667744
77	214.441295387
78	216.52992303
79	218.618550673
80	220.707178317
81	223.707178317
82	222.707178317
83	223.707178317
84	223.707178317
85	221.707178317
86	221.707178317
87	222.707178317
88	222.707178317
89	223.707178317
90	223.707178317
91	223.707178317
92	223.707178317
93	221.707178317
94	221.707178317
95	222.707178317
96	221.707178317
97	223.707178317
98	222.707178317
99	222.707178317
100	222.707178317
101	222.707178317
102	223.707178317
103	221.707178317
104	221.707178317
105	222.707178317
106	222.707178317
107	223.707178317
108	223.707178317
109	222.707178317
110	223.707178317
111	222.707178317
112	223.707178317
113	221.707178317
114	223.707178317
115	223.707178317
116	223.707178317
117	222.707178317
118	222.707178317
119	222.707178317
120	223.707178317
121	223.707178317
122	223.707178317
123	222.707178317
124	223.707178317
125	223.707178317
126	222.707178317
127	222.707178317
128	223.707178317
129	223.707178317
130	223.707178317
131	221.707178317
132	221.707178317
133	221.707178317
134	223.707178317
135	222.707178317
136	221.707178317
137	221.707178317
138	221.707178317
139	222.707178317
140	221.707178317
141	221.707178317
142	223.707178317
143	222.707178317
144	221.707178317
145	221.707178317
146	221.707178317
147	221.707178317
148	223.707178317
149	223.707178317
150	222.707178317
151	223.707178317
152	223.707178317
153	222.707178317
154	222.707178317
155	221.707178317
156	223.707178317
157	221.707178317
158	222.707178317
159	222.707178317
160	223.707178317
161	222.707178317
162	222.707178317
163	223.707178317
164	221.707178317
165	222.707178317
166	221.707178317
167	223.707178317
168	223.707178317
169	221.707178317
170	223.707178317
171	223.707178317
172	223.707178317
173	222.707178317
174	222.707178317
175	221.707178317
176	222.707178317
177	223.707178317
178	221.707178317
179	221.707178317
180	221.707178317
181	222.707178317
182	222.707178317
183	222.707178317
184	221.707178317
185	222.707178317
186	223.707178317
187	223.707178317
188	223.707178317
189	223.707178317
190	222.707178317
191	221.707178317
192	222.707178317
193	223.707178317
194	222.707178317
195	222.707178317
196	221.707178317
197	223.707178317
198	222.707178317
199	221.707178317
200	223.707178317
201	223.707178317
202	223.707178317
203	222.707178317
204	221.707178317
205	222.707178317
206	223.707178317
207	223.707178317
208	222.707178317
209	223.707178317
210	223.707178317
211	222.707178317
212	222.707178317
213	221.707178317
214	223.707178317
215	223.707178317
216	221.707178317
217	221.707178317
218	221.707178317
219	223.707178317
220	223.707178317
221	222.707178317
222	222.707178317
223	223.707178317
224	223.707178317
225	223.707178317
226	221.707178317
227	223.707178317
228	223.707178317
229	221.707178317
230	221.707178317
231	223.707178317
232	222.707178317
233	222.707178317
234	222.707178317
235	222.707178317
236	221.707178317
237	222.707178317
238	223.707178317
239	223.707178317
240	223.707178317
241	222.707178317
242	222.707178317
243	221.707178317
244	221.707178317
245	223.707178317
246	223.707178317
247	222.707178317
248	221.707178317
249	223.707178317
250	221.707178317
251	223.707178317
252	221.707178317
253	223.707178317
254	221.707178317
255	222.707178317
256	221.707178317
257	221.707178317
258	223.707178317
259	223.707178317
260	222.707178317
261	222.707178317
262	222.707178317
263	221.707178317
264	223.707178317
265	223.707178317
266	222.707178317
267	223.707178317
268	223.707178317
269	223.707178317
270	221.707178317
271	221.707178317
272	221.707178317
273	222.707178317
274	223.707178317
275	222.707178317
276	221.707178317
277	221.707178317
278	221.707178317
279	222.707178317
280	223.707178317
281	223.707178317
282	222.707178317
283	221.707178317
284	223.707178317
285	222.707178317
286	222.707178317
287	223.707178317
288	222.707178317
289	221.707178317
290	223.707178317
291	222.707178317
292	221.707178317
293	222.707178317
294	221.707178317
295	222.707178317
296	221.707178317
297	222.707178317
298	223.707178317
299	223.707178317
300	222.707178317
301	223.707178317
302	223.707178317
303	223.707178317
304	223.707178317
305	223.707178317
306	223.707178317
307	222.707178317
308	222.707178317
309	223.707178317
310	222.707178317
311	223.707178317
312	223.707178317
313	222.707178317
314	222.707178317
315	221.707178317
316	222.707178317
317	223.707178317
318	221.707178317
319	223.707178317
320	223.707178317
321	222.707178317
322	221.707178317
323	221.707178317
324	222.707178317
325	222.707178317
326	221.707178317
327	221.707178317
328	221.707178317
329	221.707178317
330	223.707178317
331	221.707178317
332	222.707178317
333	221.707178317
334	221.707178317
335	223.707178317
336	222.707178317
337	221.707178317
338	223.707178317
339	221.707178317
340	222.707178317
341	221.707178317
342	221.707178317
343	223.707178317
344	222.707178317
345	221.707178317
346	222.707178317
347	222.707178317
348	223.707178317
349	223.707178317
350	222.707178317
351	222.707178317
352	221.707178317
353	223.707178317
354	223.707178317
355	221.707178317
356	223.707178317
357	223.707178317
358	222.707178317
359	222.707178317
360	221.707178317
361	221.707178317
362	221.707178317
363	223.707178317
364	223.707178317
365	223.707178317
366	222.707178317
367	221.707178317
368	221.707178317
369	221.707178317
370	223.707178317
371	223.707178317
372	223.707178317
373	222.707178317
374	222.707178317
375	223.707178317
376	223.707178317
377	221.707178317
378	221.707178317
379	223.707178317
380	222.707178317
381	223.707178317
382	223.707178317
383	221.707178317
384	221.707178317
385	221.707178317
386	221.707178317
387	223.707178317
388	222.707178317
389	223.707178317
390	223.707178317
391	222.707178317
392	221.707178317
393	223.707178317
394	223.707178317
395	223.707178317
396	223.707178317
397	221.707178317
398	221.707178317
399	222.707178317
400	223.707178317
401	222.707178317
402	222.707178317
403	221.707178317
404	222.707178317
405	223.707178317
406	221.707178317
407	223.707178317
408	221.707178317
409	223.707178317
410	222.707178317
411	223.707178317
412	223.707178317
413	222.707178317
414	221.707178317
415	223.707178317
416	222.707178317
417	221.707178317
418	223.707178317
419	222.707178317
420	223.707178317
421	223.707178317
422	222.707178317
423	222.707178317
424	221.707178317
425	222.707178317
426	223.707178317
427	221.707178317
428	222.707178317
429	221.707178317
430	222.707178317
431	223.707178317
432	221.707178317
433	222.707178317
434	223.707178317
435	223.707178317
436	221.707178317
437	223.707178317
438	221.707178317
439	221.707178317
440	221.707178317
441	221.707178317
442	221.707178317
443	223.707178317
444	223.707178317
445	223.707178317
446	221.707178317
447	223.707178317
448	222.707178317
449	223.707178317
450	223.707178317
451	221.707178317
452	222.707178317
453	221.707178317
454	223.707178317
455	221.707178317
456	223.707178317
457	221.707178317
458	222.707178317
459	222.707178317
460	221.707178317
461	222.707178317
462	223.707178317
463	221.707178317
464	222.707178317
465	223.707178317
466	223.707178317
467	221.707178317
468	223.707178317
469	221.707178317
470	222.707178317
471	221.707178317
472	223.707178317
473	222.707178317
474	221.707178317
475	221.707178317
476	223.707178317
477	222.707178317
478	222.707178317
479	223.707178317
480	222.707178317
481	221.707178317
482	222.707178317
483	221.707178317
484	222.707178317
485	223.707178317
486	222.707178317
487	221.707178317
488	221.707178317
489	222.707178317
490	223.707178317
491	221.707178317
492	223.707178317
493	221.707178317
494	221.707178317
495	222.707178317
496	221.707178317
497	222.707178317
498	222.707178317
499	222.707178317
500	223.707178317
501	221.707178317
502	222.707178317
503	221.707178317
504	223.707178317
505	223.707178317
506	221.707178317
507	221.707178317
508	221.707178317
509	221.707178317
510	223.707178317
511	223.707178317
512	222.707178317
513	222.707178317
514	221.707178317
515	221.707178317
516	221.707178317
517	222.707178317
518	221.707178317
519	221.707178317
520	223.707178317
521	223.707178317
522	223.707178317
523	222.707178317
524	221.707178317
525	221.707178317
526	221.707178317
527	221.707178317
528	222.707178317
529	223.707178317
530	223.707178317
531	222.707178317
532	223.707178317
533	221.707178317
534	222.707178317
535	223.707178317
536	221.707178317
537	222.707178317
538	221.707178317
539	222.707178317
540	221.707178317
541	221.707178317
542	223.707178317
543	221.707178317
544	221.707178317
545	222.707178317
546	222.707178317
547	222.707178317
548	222.707178317
549	223.707178317
550	223.707178317
551	221.707178317
552	222.707178317
553	222.707178317
554	221.707178317
555	221.707178317
556	222.707178317
557	222.707178317
558	222.707178317
559	222.707178317
560	221.707178317
561	223.707178317
562	222.707178317
563	221.707178317
564	221.707178317
565	223.707178317
566	222.707178317
567	223.707178317
568	221.707178317
569	222.707178317
570	222.707178317
571	223.707178317
572	223.707178317
573	221.707178317
574	221.707178317
575	222.707178317
576	223.707178317
577	222.707178317
578	221.707178317
579	222.707178317
580	222.707178317
581	222.707178317
582	221.707178317
583	222.707178317
584	223.707178317
585	223.707178317
586	222.707178317
587	223.707178317
588	223.707178317
589	221.707178317
590	223.707178317
591	223.707178317
592	222.707178317
593	222.707178317
594	223.707178317
595	223.707178317
596	221.707178317
597	223.707178317
598	223.707178317
599	223.707178317
600	223.707178317
601	223.707178317
602	222.707178317
603	221.707178317
604	221.707178317
605	222.707178317
606	222.707178317
607	223.707178317
608	222.707178317
609	221.707178317
610	221.707178317
611	223.707178317
612	222.707178317
613	223.707178317
614	221.707178317
615	222.707178317
616	223.707178317
617	223.707178317
618	223.707178317
619	223.707178317
620	223.707178317
621	221.707178317
622	222.707178317
623	222.707178317
624	223.707178317
625	223.707178317
626	221.707178317
627	223.707178317
628	222.707178317
629	222.707178317
630	221.707178317
631	222.707178317
632	223.707178317
633	223.707178317
634	222.707178317
635	221.707178317
636	221.707178317
637	223.707178317
638	222.707178317
639	223.707178317
640	223.707178317
641	223.707178317
642	223.707178317
643	222.707178317
644	223.707178317
645	223.707178317
646	222.707178317
647	223.707178317
648	222.707178317
649	222.707178317
650	221.707178317
651	223.707178317
652	222.707178317
653	222.707178317
654	221.707178317
655	223.707178317
656	223.707178317
657	221.707178317
658	221.707178317
659	221.707178317
660	223.707178317
661	222.707178317
662	222.707178317
663	223.707178317
664	222.707178317
665	221.707178317
666	221.707178317
667	222.707178317
668	222.707178317
669	221.707178317
670	221.707178317
671	222.707178317
672	222.707178317
673	222.707178317
674	221.707178317
675	221.707178317
676	222.707178317
677	222.707178317
678	221.707178317
679	221.707178317
680	223.707178317
681	221.707178317
682	221.707178317
683	223.707178317
684	223.707178317
685	223.707178317
686	222.707178317
687	223.707178317
688	223.707178317
689	223.707178317
690	222.707178317
691	221.707178317
692	223.707178317
693	222.707178317
694	221.707178317
695	222.707178317
696	221.707178317
697	222.707178317
698	223.707178317
699	223.707178317
700	222.707178317
701	223.707178317
702	221.707178317
703	223.707178317
704	223.707178317
705	221.707178317
706	222.707178317
707	223.707178317
708	221.707178317
709	221.707178317
710	221.707178317
711	222.707178317
712	221.707178317
713	221.707178317
714	223.707178317
715	221.707178317
716	222.707178317
717	221.707178317
718	221.707178317
719	222.707178317
720	221.707178317
721	223.707178317
722	221.707178317
723	223.707178317
724	221.707178317
725	223.707178317
726	223.707178317
727	222.707178317
728	221.707178317
729	221.707178317
730	223.707178317
731	223.707178317
732	223.707178317
733	221.707178317
734	223.707178317
735	221.707178317
736	221.707178317
737	221.707178317
738	222.707178317
739	222.707178317
740	222.707178317
741	223.707178317
742	223.707178317
743	223.707178317
744	223.707178317
745	223.707178317
746	222.707178317
747	223.707178317
748	221.707178317
749	221.707178317
750	222.707178317
751	222.707178317
752	222.707178317
753	221.707178317
754	223.707178317
755	222.707178317
756	223.707178317
757	222.707178317
758	221.707178317
759	222.707178317
760	221.707178317
761	221.707178317
762	223.707178317
763	221.707178317
764	223.707178317
765	221.707178317
766	221.707178317
767	223.707178317
768	221.707178317
769	223.707178317
770	221.707178317
771	223.707178317
772	222.707178317
773	221.707178317
774	221.707178317
775	222.707178317
776	222.707178317
777	221.707178317
778	222.707178317
779	222.707178317
780	221.707178317
781	222.707178317
782	222.707178317
783	222.707178317
784	223.707178317
785	223.707178317
786	222.707178317
787	222.707178317
788	223.707178317
789	221.707178317
790	223.707178317
791	222.707178317
792	222.707178317
793	222.707178317
794	221.707178317
795	221.707178317
796	223.707178317
797	221.707178317
798	221.707178317
799	221.707178317
800	221.707178317
801	221.707178317
802	222.707178317
803	222.707178317
804	221.707178317
805	223.707178317
806	222.707178317
807	221.707178317
808	223.707178317
809	223.707178317
810	223.707178317
811	223.707178317
812	221.707178317
813	222.707178317
814	221.707178317
815	222.707178317
816	223.707178317
817	222.707178317
818	223.707178317
819	223.707178317
820	221.707178317
821	222.707178317
822	223.707178317
823	221.707178317
824	222.707178317
825	223.707178317
826	221.707178317
827	223.707178317
828	223.707178317
829	221.707178317
830	222.707178317
831	223.707178317
832	221.707178317
833	221.707178317
834	222.707178317
835	223.707178317
836	221.707178317
837	221.707178317
838	221.707178317
839	222.707178317
840	223.707178317
841	223.707178317
842	221.707178317
843	222.707178317
844	221.707178317
845	221.707178317
846	222.707178317
847	221.707178317
848	222.707178317
849	222.707178317
850	223.707178317
851	221.707178317
852	222.707178317
853	221.707178317
854	222.707178317
855	223.707178317
856	223.707178317
857	221.707178317
858	223.707178317
859	222.707178317
860	221.707178317
861	221.707178317
862	222.707178317
863	223.707178317
864	223.707178317
865	222.707178317
866	223.707178317
867	223.707178317
868	221.707178317
869	221.707178317
870	222.707178317
871	223.707178317
872	223.707178317
873	223.707178317
874	221.707178317
875	222.707178317
876	222.707178317
877	223.707178317
878	223.707178317
879	221.707178317
880	223.707178317
881	222.707178317
882	223.707178317
883	221.707178317
884	223.707178317
885	223.707178317
886	222.707178317
887	223.707178317
888	221.707178317
889	222.707178317
890	221.707178317
891	223.707178317
892	222.707178317
893	223.707178317
894	223.707178317
895	221.707178317
896	222.707178317
897	223.707178317
898	221.707178317
899	221.707178317
900	221.707178317
901	223.707178317
902	223.707178317
903	221.707178317
904	221.707178317
905	221.707178317
906	223.707178317
907	222.707178317
908	221.707178317
909	221.707178317
910	223.707178317
911	222.707178317
912	223.707178317
913	222.707178317
914	222.707178317
915	221.707178317
916	221.707178317
917	222.707178317
918	222.707178317
919	222.707178317
920	221.707178317
921	222.707178317
922	221.707178317
923	222.707178317
924	221.707178317
925	221.707178317
926	221.707178317
927	221.707178317
928	223.707178317
929	221.707178317
930	221.707178317
931	222.707178317
932	223.707178317
933	223.707178317
934	222.707178317
935	223.707178317
936	221.707178317
937	222.707178317
938	223.707178317
939	221.707178317
940	221.707178317
941	221.707178317
942	221.707178317
943	221.707178317
944	223.707178317
945	222.707178317
946	222.707178317
947	221.707178317
948	223.707178317
949	223.707178317
950	221.707178317
951	223.707178317
952	223.707178317
953	221.707178317
954	221.707178317
955	222.707178317
956	223.707178317
957	222.707178317
958	222.707178317
959	222.707178317
960	222.707178317
961	223.707178317
962	222.707178317
963	223.707178317
964	223.707178317
965	222.707178317
966	222.707178317
967	223.707178317
968	221.707178317
969	223.707178317
970	222.707178317
971	223.707178317
972	223.707178317
973	221.707178317
974	221.707178317
975	221.707178317
976	222.707178317
977	222.707178317
978	223.707178317
979	221.707178317
980	221.707178317
981	221.707178317
982	222.707178317
983	223.707178317
984	221.707178317
985	221.707178317
986	222.707178317
987	221.707178317
988	223.707178317
989	221.707178317
990	221.707178317
991	221.707178317
992	223.707178317
993	221.707178317
994	222.707178317
995	223.707178317
996	223.707178317
997	223.707178317
998	223.707178317
999	221.707178317
1000	222.707178317
1001	222.707178317
1002	223.707178317
1003	221.707178317
1004	222.707178317
1005	222.707178317
1006	222.707178317
1007	223.707178317
1008	223.707178317
1009	221.707178317
1010	221.707178317
1011	221.707178317
1012	222.707178317
1013	223.707178317
1014	221.707178317
1015	221.707178317
1016	223.707178317
1017	221.707178317
1018	223.707178317
1019	222.707178317
1020	223.707178317
1021	221.707178317
1022	223.707178317
1023	223.707178317
1024	223.707178317
1025	222.707178317
1026	223.707178317
1027	222.707178317
1028	222.707178317
1029	222.707178317
1030	221.707178317
1031	223.707178317
1032	222.707178317
1033	223.707178317
1034	223.707178317
1035	223.707178317
1036	223.707178317
1037	223.707178317
1038	221.707178317
1039	223.707178317
1040	222.707178317
1041	221.707178317
1042	221.707178317
1043	222.707178317
1044	223.707178317
1045	222.707178317
1046	222.707178317
1047	223.707178317
1048	223.707178317
1049	222.707178317
1050	222.707178317
1051	223.707178317
1052	221.707178317
1053	223.707178317
1054	223.707178317
1055	222.707178317
1056	221.707178317
1057	221.707178317
1058	222.707178317
1059	222.707178317
1060	221.707178317
1061	223.707178317
1062	223.707178317
1063	221.707178317
1064	221.707178317
1065	223.707178317
1066	222.707178317
1067	222.707178317
1068	221.707178317
1069	222.707178317
1070	223.707178317
1071	222.707178317
1072	221.707178317
1073	221.707178317
1074	223.707178317
1075	221.707178317
1076	222.707178317
1077	223.707178317
1078	223.707178317
1079	221.707178317
1080	223.707178317
1081	221.707178317
1082	221.707178317
1083	221.707178317
1084	223.707178317
1085	221.707178317
1086	223.707178317
1087	222.707178317
1088	222.707178317
1089	222.707178317
1090	222.707178317
1091	223.707178317
1092	221.707178317
1093	221.707178317
1094	223.707178317
1095	222.707178317
1096	222.707178317
1097	221.707178317
1098	221.707178317
1099	223.707178317
1100	221.707178317
1101	222.707178317
1102	223.707178317
1103	223.707178317
1104	221.707178317
1105	221.707178317
1106	222.707178317
1107	223.707178317
1108	222.707178317
1109	223.707178317
1110	221.707178317
1111	223.707178317
1112	223.707178317
1113	222.707178317
1114	222.707178317
1115	222.707178317
1116	221.707178317
1117	222.707178317
1118	223.707178317
1119	223.707178317
1120	221.707178317
1121	223.707178317
1122	221.707178317
1123	223.707178317
1124	221.707178317
1125	221.707178317
1126	221.707178317
1127	223.707178317
1128	222.707178317
1129	222.707178317
1130	222.707178317
1131	221.707178317
1132	222.707178317
1133	221.707178317
1134	222.707178317
1135	222.707178317
1136	222.707178317
1137	223.707178317
1138	221.707178317
1139	222.707178317
1140	221.707178317
1141	222.707178317
1142	221.707178317
1143	221.707178317
1144	222.707178317
1145	223.707178317
1146	223.707178317
1147	221.707178317
1148	222.707178317
1149	223.707178317
1150	221.707178317
1151	221.707178317
1152	222.707178317
1153	221.707178317
1154	221.707178317
1155	223.707178317
1156	222.707178317
1157	222.707178317
1158	221.707178317
1159	221.707178317
1160	223.707178317
1161	221.707178317
1162	223.707178317
1163	223.707178317
1164	223.707178317
1165	221.707178317
1166	221.707178317
1167	223.707178317
1168	223.707178317
1169	222.707178317
1170	223.707178317
1171	221.707178317
1172	222.707178317
1173	223.707178317
1174	223.707178317
1175	223.707178317
1176	223.707178317
1177	222.707178317
1178	222.707178317
1179	222.707178317
1180	222.707178317
1181	221.707178317
1182	222.707178317
1183	222.707178317
1184	223.707178317
1185	222.707178317
1186	223.707178317
1187	222.707178317
1188	223.707178317
1189	222.707178317
1190	223.707178317
1191	221.707178317
1192	223.707178317
1193	223.707178317
1194	221.707178317
1195	222.707178317
1196	223.707178317
1197	221.707178317
1198	222.707178317
1199	222.707178317
1200	221.707178317
1201	223.707178317
1202	223.707178317
1203	223.707178317
1204	223.707178317
1205	222.707178317
1206	221.707178317
1207	222.707178317
1208	223.707178317
1209	223.707178317
1210	221.707178317
1211	221.707178317
1212	222.707178317
1213	222.707178317
1214	221.707178317
1215	222.707178317
1216	223.707178317
1217	223.707178317
1218	221.707178317
1219	223.707178317
1220	223.707178317
1221	221.707178317
1222	222.707178317
1223	221.707178317
1224	222.707178317
1225	221.707178317
1226	223.707178317
1227	221.707178317
1228	221.707178317
1229	221.707178317
1230	221.707178317
1231	223.707178317
1232	223.707178317
1233	222.707178317
1234	223.707178317
1235	221.707178317
1236	221.707178317
1237	222.707178317
1238	223.707178317
1239	221.707178317
1240	222.707178317
1241	221.707178317
1242	222.707178317
1243	223.707178317
1244	223.707178317
1245	222.707178317
1246	223.707178317
1247	221.707178317
1248	221.707178317
1249	221.707178317
1250	223.707178317
1251	223.707178317
1252	221.707178317
1253	222.707178317
1254	221.707178317
1255	223.707178317
1256	221.707178317
1257	223.707178317
1258	222.707178317
1259	222.707178317
1260	222.707178317
1261	222.707178317
1262	222.707178317
1263	223.707178317
1264	223.707178317
1265	221.707178317
1266	222.707178317
1267	221.707178317
1268	221.707178317
1269	222.707178317
1270	223.707178317
1271	222.707178317
1272	222.707178317
1273	222.707178317
1274	223.707178317
1275	223.707178317
1276	222.707178317
1277	222.707178317
1278	221.707178317
1279	222.707178317
1280	222.707178317
1281	221.707178317
1282	221.707178317
1283	221.707178317
1284	223.707178317
1285	223.707178317
1286	223.707178317
1287	221.707178317
1288	221.707178317
1289	221.707178317
1290	222.707178317
1291	223.707178317
1292	221.707178317
1293	222.707178317
1294	222.707178317
1295	223.707178317
1296	221.707178317
1297	221.707178317
1298	222.707178317
1299	222.707178317
1300	221.707178317
1301	222.707178317
1302	221.707178317
1303	221.707178317
1304	223.707178317
1305	223.707178317
1306	222.707178317
1307	223.707178317
1308	222.707178317
1309	222.707178317
1310	222.707178317
1311	223.707178317
1312	222.707178317
1313	223.707178317
1314	221.707178317
1315	222.707178317
1316	222.707178317
1317	222.707178317
1318	223.707178317
1319	221.707178317
1320	222.707178317
1321	222.707178317
1322	222.707178317
1323	223.707178317
1324	222.707178317
1325	221.707178317
1326	223.707178317
1327	223.707178317
1328	221.707178317
1329	223.707178317
1330	223.707178317
1331	222.707178317
1332	223.707178317
1333	223.707178317
1334	222.707178317
1335	223.707178317
1336	223.707178317
1337	221.707178317
1338	222.707178317
1339	221.707178317
1340	223.707178317
1341	222.707178317
1342	223.707178317
1343	223.707178317
1344	223.707178317
1345	221.707178317
1346	222.707178317
1347	223.707178317
1348	222.707178317
1349	223.707178317
1350	223.707178317
1351	221.707178317
1352	222.707178317
1353	222.707178317
1354	222.707178317
1355	221.707178317
1356	222.707178317
1357	222.707178317
1358	221.707178317
1359	223.707178317
1360	222.707178317
1361	221.707178317
1362	221.707178317
1363	223.707178317
1364	223.707178317
1365	222.707178317
1366	222.707178317
1367	222.707178317
1368	221.707178317
1369	222.707178317
1370	222.707178317
1371	222.707178317
1372	223.707178317
1373	223.707178317
1374	223.707178317
1375	222.707178317
1376	222.707178317
1377	221.707178317
1378	221.707178317
1379	221.707178317
1380	222.707178317
1381	221.707178317
1382	223.707178317
1383	222.707178317
1384	223.707178317
1385	222.707178317
1386	222.707178317
1387	222.707178317
1388	221.707178317
1389	223.707178317
1390	221.707178317
1391	222.707178317
1392	223.707178317
1393	221.707178317
1394	222.707178317
1395	221.707178317
1396	221.707178317
1397	221.707178317
1398	223.707178317
1399	221.707178317
1400	223.707178317
1401	221.707178317
1402	222.707178317
1403	223.707178317
1404	222.707178317
1405	222.707178317
1406	221.707178317
1407	223.707178317
1408	223.707178317
1409	223.707178317
1410	223.707178317
1411	222.707178317
1412	222.707178317
1413	223.707178317
1414	221.707178317
1415	222.707178317
1416	221.707178317
1417	222.707178317
1418	222.707178317
1419	222.707178317
1420	223.707178317
1421	223.707178317
1422	222.707178317
1423	222.707178317
1424	223.707178317
1425	223.707178317
1426	221.707178317
1427	222.707178317
1428	223.707178317
1429	223.707178317
1430	222.707178317
1431	222.707178317
1432	221.707178317
1433	223.707178317
1434	223.707178317
1435	221.707178317
1436	222.707178317
1437	223.707178317
1438	222.707178317
1439	221.707178317
1440	223.707178317
1441	223.707178317
1442	223.707178317
1443	222.707178317
1444	221.707178317
1445	221.707178317
1446	223.707178317
1447	223.707178317
1448	223.707178317
1449	223.707178317
1450	223.707178317
1451	221.707178317
1452	223.707178317
1453	221.707178317
1454	221.707178317
1455	221.707178317
1456	222.707178317
1457	221.707178317
1458	223.707178317
1459	221.707178317
1460	222.707178317
1461	222.707178317
1462	222.707178317
1463	222.707178317
1464	222.707178317
1465	223.707178317
1466	222.707178317
1467	221.707178317
1468	223.707178317
1469	222.707178317
1470	223.707178317
1471	221.707178317
1472	223.707178317
1473	222.707178317
1474	222.707178317
1475	222.707178317
1476	221.707178317
1477	221.707178317
1478	223.707178317
1479	223.707178317
1480	221.707178317
1481	222.707178317
1482	222.707178317
1483	222.707178317
1484	223.707178317
1485	221.707178317
1486	222.707178317
1487	221.707178317
1488	221.707178317
1489	221.707178317
1490	222.707178317
1491	223.707178317
1492	222.707178317
1493	222.707178317
1494	223.707178317
1495	222.707178317
1496	221.707178317
1497	222.707178317
1498	223.707178317
1499	223.707178317
1500	221.707178317
1501	221.707178317
1502	223.707178317
1503	223.707178317
1504	222.707178317
1505	222.707178317
1506	222.707178317
1507	221.707178317
1508	223.707178317
1509	221.707178317
1510	223.707178317
1511	223.707178317
1512	221.707178317
1513	223.707178317
1514	221.707178317
1515	223.707178317
1516	221.707178317
1517	221.707178317
1518	223.707178317
1519	223.707178317
1520	223.707178317
1521	221.707178317
1522	223.707178317
1523	222.707178317
1524	222.707178317
1525	222.707178317
1526	221.707178317
1527	223.707178317
1528	223.707178317
1529	223.707178317
1530	223.707178317
1531	222.707178317
1532	223.707178317
1533	221.707178317
1534	223.707178317
1535	221.707178317
1536	223.707178317
1537	222.707178317
1538	223.707178317
1539	222.707178317
1540	223.707178317
1541	221.707178317
1542	222.707178317
1543	223.707178317
1544	221.707178317
1545	221.707178317
1546	223.707178317
1547	223.707178317
1548	222.707178317
1549	223.707178317
1550	223.707178317
1551	221.707178317
1552	223.707178317
1553	221.707178317
1554	221.707178317
1555	223.707178317
1556	222.707178317
1557	221.707178317
1558	221.707178317
1559	222.707178317
1560	221.707178317
1561	222.707178317
1562	223.707178317
1563	221.707178317
1564	223.707178317
1565	222.707178317
1566	222.707178317
1567	223.707178317
1568	223.707178317
1569	223.707178317
1570	223.707178317
1571	222.707178317
1572	221.707178317
1573	221.707178317
1574	221.707178317
1575	222.707178317
1576	223.707178317
1577	221.707178317
1578	221.707178317
1579	222.707178317
1580	222.707178317
1581	221.707178317
1582	222.707178317
1583	222.707178317
1584	222.707178317
1585	222.707178317
1586	223.707178317
1587	223.707178317
1588	223.707178317
1589	223.707178317
1590	223.707178317
1591	221.707178317
1592	221.707178317
1593	222.707178317
1594	221.707178317
1595	222.707178317
1596	221.707178317
1597	222.707178317
1598	221.707178317
1599	223.707178317
1600	221.707178317
1601	223.707178317
1602	223.707178317
1603	222.707178317
1604	222.707178317
1605	222.707178317
1606	223.707178317
1607	222.707178317
1608	222.707178317
1609	221.707178317
1610	221.707178317
1611	222.707178317
1612	223.707178317
1613	223.707178317
1614	222.707178317
1615	223.707178317
1616	221.707178317
1617	222.707178317
1618	221.707178317
1619	223.707178317
1620	221.707178317
1621	222.707178317
1622	223.707178317
1623	223.707178317
1624	222.707178317
1625	222.707178317
1626	221.707178317
1627	222.707178317
1628	223.707178317
1629	222.707178317
1630	223.707178317
1631	222.707178317
1632	223.707178317
1633	222.707178317
1634	222.707178317
1635	222.707178317
1636	222.707178317
1637	221.707178317
1638	223.707178317
1639	223.707178317
1640	223.707178317
1641	223.707178317
1642	221.707178317
1643	221.707178317
1644	221.707178317
1645	222.707178317
1646	221.707178317
1647	222.707178317
1648	221.707178317
1649	223.707178317
1650	223.707178317
1651	223.707178317
1652	223.707178317
1653	222.707178317
1654	222.707178317
1655	223.707178317
1656	222.707178317
1657	222.707178317
1658	222.707178317
1659	222.707178317
1660	221.707178317
1661	221.707178317
1662	223.707178317
1663	221.707178317
1664	223.707178317
1665	221.707178317
1666	221.707178317
1667	223.707178317
1668	223.707178317
1669	223.707178317
1670	221.707178317
1671	223.707178317
1672	223.707178317
1673	223.707178317
1674	222.707178317
1675	221.707178317
1676	221.707178317
1677	221.707178317
1678	221.707178317
1679	221.707178317
1680	221.707178317
1681	221.707178317
1682	223.707178317
1683	223.707178317
1684	221.707178317
1685	223.707178317
1686	222.707178317
1687	222.707178317
1688	221.707178317
1689	222.707178317
1690	223.707178317
1691	221.707178317
1692	222.707178317
1693	222.707178317
1694	221.707178317
1695	223.707178317
1696	221.707178317
1697	222.707178317
1698	222.707178317
1699	221.707178317
1700	223.707178317
1701	222.707178317
1702	221.707178317
1703	221.707178317
1704	222.707178317
1705	221.707178317
1706	221.707178317
1707	222.707178317
1708	223.707178317
1709	221.707178317
1710	221.707178317
1711	223.707178317
1712	223.707178317
1713	223.707178317
1714	221.707178317
1715	223.707178317
1716	221.707178317
1717	223.707178317
1718	221.707178317
1719	222.707178317
1720	223.707178317
1721	221.707178317
1722	223.707178317
1723	222.707178317
1724	223.707178317
1725	222.707178317
1726	221.707178317
1727	222.707178317
1728	222.707178317
1729	223.707178317
1730	221.707178317
1731	222.707178317
1732	221.707178317
1733	223.707178317
1734	222.707178317
1735	221.707178317
1736	221.707178317
1737	223.707178317
1738	221.707178317
1739	223.707178317
1740	222.707178317
1741	221.707178317
1742	222.707178317
1743	222.707178317
1744	223.707178317
1745	223.707178317
1746	223.707178317
1747	222.707178317
1748	223.707178317
1749	223.707178317
1750	223.707178317
1751	221.707178317
1752	223.707178317
1753	222.707178317
1754	223.707178317
1755	223.707178317
1756	223.707178317
1757	222.707178317
1758	223.707178317
1759	222.707178317
1760	221.707178317
1761	222.707178317
1762	223.707178317
1763	223.707178317
1764	222.707178317
1765	221.707178317
1766	221.707178317
1767	223.707178317
1768	222.707178317
1769	221.707178317
1770	223.707178317
1771	222.707178317
1772	221.707178317
1773	222.707178317
1774	222.707178317
1775	223.707178317
1776	222.707178317
1777	222.707178317
1778	223.707178317
1779	223.707178317
1780	221.707178317
1781	221.707178317
1782	223.707178317
1783	223.707178317
1784	221.707178317
1785	222.707178317
1786	221.707178317
1787	222.707178317
1788	221.707178317
1789	223.707178317
1790	221.707178317
1791	221.707178317
1792	223.707178317
1793	222.707178317
1794	221.707178317
1795	221.707178317
1796	221.707178317
1797	222.707178317
1798	222.707178317
1799	221.707178317
1800	223.707178317
1801	221.707178317
1802	221.707178317
1803	222.707178317
1804	223.707178317
1805	222.707178317
1806	223.707178317
1807	221.707178317
1808	221.707178317
1809	222.707178317
1810	223.707178317
1811	222.707178317
1812	221.707178317
1813	222.707178317
1814	223.707178317
1815	222.707178317
1816	221.707178317
1817	223.707178317
1818	221.707178317
1819	222.707178317
1820	223.707178317
1821	221.707178317
1822	223.707178317
1823	221.707178317
1824	223.707178317
1825	221.707178317
1826	221.707178317
1827	221.707178317
1828	221.707178317
1829	222.707178317
1830	221.707178317
1831	222.707178317
1832	222.707178317
1833	221.707178317
1834	222.707178317
1835	222.707178317
1836	223.707178317
1837	222.707178317
1838	222.707178317
1839	221.707178317
1840	222.707178317
1841	222.707178317
1842	223.707178317
1843	221.707178317
1844	221.707178317
1845	221.707178317
1846	221.707178317
1847	221.707178317
1848	222.707178317
1849	221.707178317
1850	222.707178317
1851	221.707178317
1852	221.707178317
1853	221.707178317
1854	221.707178317
1855	221.707178317
1856	222.707178317
1857	222.707178317
1858	221.707178317
1859	223.707178317
1860	222.707178317
1861	221.707178317
1862	223.707178317
1863	222.707178317
1864	221.707178317
1865	223.707178317
1866	223.707178317
1867	222.707178317
1868	223.707178317
1869	221.707178317
1870	223.707178317
1871	222.707178317
1872	221.707178317
1873	221.707178317
1874	221.707178317
1875	221.707178317
1876	222.707178317
1877	221.707178317
1878	223.707178317
1879	222.707178317
1880	223.707178317
1881	223.707178317
1882	221.707178317
1883	223.707178317
1884	223.707178317
1885	221.707178317
1886	223.707178317
1887	221.707178317
1888	223.707178317
1889	222.707178317
1890	223.707178317
1891	223.707178317
1892	223.707178317
1893	221.707178317
1894	223.707178317
1895	221.707178317
1896	221.707178317
1897	221.707178317
1898	223.707178317
1899	223.707178317
1900	223.707178317
1901	221.707178317
1902	221.707178317
1903	221.707178317
1904	221.707178317
1905	222.707178317
1906	223.707178317
1907	222.707178317
1908	222.707178317
1909	223.707178317
1910	221.707178317
1911	223.707178317
1912	223.707178317
1913	222.707178317
1914	221.707178317
1915	221.707178317
1916	221.707178317
1917	223.707178317
1918	222.707178317
1919	223.707178317
1920	222.707178317
1921	221.707178317
1922	221.707178317
1923	222.707178317
1924	222.707178317
1925	221.707178317
1926	221.707178317
1927	221.707178317
1928	221.707178317
1929	223.707178317
1930	223.707178317
1931	222.707178317
1932	223.707178317
1933	222.707178317
1934	223.707178317
1935	222.707178317
1936	223.707178317
1937	222.707178317
1938	223.707178317
1939	222.707178317
1940	221.707178317
1941	221.707178317
1942	223.707178317
1943	221.707178317
1944	222.707178317
1945	223.707178317
1946	223.707178317
1947	221.707178317
1948	221.707178317
1949	223.707178317
1950	222.707178317
1951	221.707178317
1952	222.707178317
1953	223.707178317
1954	221.707178317
1955	223.707178317
1956	221.707178317
1957	223.707178317
1958	223.707178317
1959	221.707178317
1960	221.707178317
1961	222.707178317
1962	222.707178317
1963	222.707178317
1964	222.707178317
1965	223.707178317
1966	221.707178317
1967	223.707178317
1968	223.707178317
1969	223.707178317
1970	223.707178317
1971	222.707178317
1972	223.707178317
1973	223.707178317
1974	222.707178317
1975	221.707178317
1976	222.707178317
1977	223.707178317
1978	223.707178317
1979	222.707178317
1980	223.707178317
1981	222.707178317
1982	221.707178317
1983	222.707178317
1984	223.707178317
1985	221.707178317
1986	221.707178317
1987	223.707178317
1988	223.707178317
1989	223.707178317
1990	223.707178317
1991	222.707178317
1992	223.707178317
1993	221.707178317
1994	221.707178317
1995	221.707178317
1996	222.707178317
1997	221.707178317
1998	221.707178317
1999	222.707178317
2000	221.707178317
2001    221
